2.089918498648297
0.7167894719744456
0.6342872922328402
0.7911670911962903
0.5626645715919185
0.5175938774177649
0.5228485467076442
0.819517952772923
2.0151717324306304
0.5402385572939572
0.9624480744036283
0.8590624346910865
1.2770565921063195
1.0829560866312846
1.070777785736368
1.1737834968915664
0.8490292158472315
0.8409596696151382
0.5741076445352249
0.5083474038908022
0.7137356005246431
1.329510332146775
0.645949380112036
1.0598712793619072
2.116684106422902
0.6688298586631305
0.6005454211463075
0.6739940433113816
1.5739644841481777
0.7450063960052944
1.5062431284804774
1.1641210485577886
0.5304205927588299
0.5085661498240341
0.5647018207023393
1.0661565193715603
1.6162751376552222
1.4173046048761933
0.5536426995530377
1.1603943809307395
0.7600228189376992
1.0068535930144833
1.0168438823484252
2.286963177700514
0.9228010491384282
0.7726775440837343
1.1842678008163432
0.5446697964414113
0.7132320147026121
1.8921142366635024
0.5879865933169981
0.600432902189624
1.6147711339801276
1.0208747256851893
1.1191008619162233
0.9027604680640593
1.4795455885351885
1.4356387100064296
0.8396017487816607
1.0012008328658055
2.102835190530925
0.618698380271411
0.535668559088947
0.7042319521115132
1.374429847351962
0.9992944952744836
0.5299080897913484
0.6952938076229032
0.7915244426797869
0.7827582834568148
0.6522752091123607
0.7312822596683191
0.7050229750207393
0.51996094658017
0.801918083524015
3.2618207537976787
0.5382801723515058
0.5478953317561945
1.5357060706195398
1.0113444461196366
0.506453226673159
0.5446893866333085
0.6003191818849132
1.4247570661836733
0.9818899914887709
0.784689171615014
0.785257305522606
0.644050486334919
0.5961685826552809
0.5207238099983442
0.7099783742486636
1.0048297646699211
1.1833738106055876
1.464444180721955
1.3279425610253952
0.6703927771805525
1.4912941068151895
0.6544903343587407
0.750507347537166
0.6340793471736106
0.9421348256483952
0.850434633334487
0.6937150626113748
0.8237911166293657
1.0785185311897294
0.9779661241563531
3.8711366506795457
1.0376656013111756
1.3487594583431814
0.5402249197157971
0.8540116099323996
0.7913758071230745
0.5545313977374349
0.7150240404180863
1.1931017503438852
0.8467965004539906
0.6060002052013829
0.5200164240667391
1.0497787347110261
0.5709199625022165