0.7358626029959319
1.2100823441139963
1.0370600332763198
0.539456248333158
1.1206612963635703
2.1316964247450727
0.5346770237921419
0.8953845665183984
0.7819798575540986
1.757834533214055
1.0159148318624744
1.1928259129405276
1.9415920767047297
0.8170913876224333
1.753340433754886
0.5211764067209685
1.810242089602795
0.5692776045670129
0.5635994802546378
0.5733078853539411
0.60355241699515
0.5007163730146544
0.5929823768165079
0.5194753876777725
0.5308315556334691
0.7890343671615625
1.7497265815439107
0.8882530784328253
1.2820202865516706
1.7549998888200662
0.9115912471468306
0.5361527340285193
0.5706661461823757
1.6404157106413777
0.6827117364150439
0.8282027067949116
0.7080787923833327
0.7949029356339707
0.9971822256872258
0.8485584870418421
0.6489012839901562
0.6306488492857198
0.956872811205443
1.11451554472184
0.7954673220693564
0.795288312762267
0.8258191041203986
2.147241538057898
0.7746618580478639
0.7834817673182215
2.3124488409156925
0.9734801040114007
0.5828579922823849
1.3940513014342173
0.8124214080262391
0.5635873764619532
0.9181429729478907
1.4629946047919589
0.8344782599021698
0.6755022991792146
0.7338223797195838
1.120972020689436
1.8040036500870826
0.5925373558668809
0.5969830224492512
0.5027636004635099
0.5047494216521784
0.8110248007700989
0.6360254790876354
0.5168391484484971
0.6861013400768456
0.8878351785791381
0.5955146529973661
0.5423060450377477
0.6851059147522562
0.5932994035343881
0.551073997712848
0.5389419083087716
0.7139889567625062
0.5072085157503352
1.0787914321191465
1.0654819759345742
1.2463495233999993
0.739370867510388
0.6806070612001349
0.5634805488189158
1.1622065102354213
1.6491852602459858
0.5868462470843951
0.6334446365416397
0.6830459094663865
0.668155273603702
1.0949295100410268
0.8548404204715325
1.4635861880549328
0.5717748798574007
0.6893747373262613
0.8403595917972098
0.9965700899668946
0.5078982905554312
0.7950810795099983
0.6919672710386067
0.5778414678493959
0.6417464592017836
1.0922527182415251
0.8801326467856825
1.2950570770020704
0.7694809886061762
0.8076621315786952
0.5039098037916006
0.5192422355470967
1.4800661999338445
1.8334962409712716
2.0629783068782785
0.8065377506071059
1.0664177318744805
0.8282701173345117
2.218164015691343
0.5561081437996904
0.6492792821266562
0.597747874253912
0.8148551576827003
0.7119346303815632
0.6037557223871204
1.8584669682470008
0.9007248952028135
1.2617882410524999
0.6585859678473867
0.7220244853547797
2.09540311684691
0.7800426313484081
0.7388743583211408
1.1479042426219621
4.225273681660326
1.3291146528684408
0.5361548507015073
0.6211041579445009
2.312904550687449
0.7538945913286739
0.5860969994079142
0.5939623465363866
1.354419678310478
0.7584372692294892
1.0669706717613394
1.443928990806512
1.0662018345136062
0.712182716475354
0.5875297831335615
0.6679140687987797
0.6099711859628201
0.7944155919162768
1.3184859903661277
0.5629626502475844
0.9296265968366697
0.5836859110897308
0.8231986839780348
1.1208458242909387
0.7256128285866907
1.1287447437840115
0.8862428885818758
0.7154572812169704
1.2663800082924581
0.9262020976811982
0.5996064247577806
0.5446184880638612
1.6579721578143563
0.8365522094275093
1.8047183127149538
0.5216141421257134
1.5100416126679193
1.1479694405130658
1.0915620487115802
0.8537770102086597
1.2519069653911856
0.6892579564945436
0.5396447086137641
0.5237572396641781
3.508437624797125
0.5510948290068427
0.6375347589880676
0.5796518748582002
0.6937563595914753
4.048115611459821
1.1544898979786922
0.7365748068323228
1.4088780428672862
0.5913849895334806
0.6039069055796062
0.655627609140538
2.89214592244673
0.5603433487585789
0.5289520097061313