1.5434376657944908
0.8503019385291521
3.3552953002225987
1.0168305723054125
0.7150431799307917
0.6325894443240614
0.7101036612699048
0.6530819903063474
1.2336227599272718
0.5307405080345475
0.9898639745410236
0.9202786406287942
0.7872150834396763
1.1907527973057626
0.7896897203870452
0.6057243378477466
0.8354903991956917
0.7027448320187517
0.7870228116165237
1.0131583703095828
0.6301973728616304
0.5901044154405071
0.7138262758231804
0.5063349579478711
0.7903947943640901
0.651219330518046
0.6016631782056265
0.6444710298810037
1.807252097336658
1.8494084171436498
0.5887118858906604
0.518296769757967
1.2633554708943393
0.8001773169646071
0.5176606042467995
0.5047822027142104
1.1785511595220441
0.6455735907993869
0.5404505000552433
0.5126397135673528
0.8948771088884939
1.9955215844637166
0.8515472613626685
0.5363689517120349
1.3856571810654543
2.2368836434091577
1.2792003618557146
1.4993225700647486
2.0596818058861572
1.2059360490185895
0.5818070889506544
0.6485113945208241
0.9249568400688872
0.6869626249461476
0.9697613641563976
1.235030767215278
1.7269360005981298
1.9961696176475243
1.5415021524557346
0.5189870566401282
0.995617569273179
0.6044380606649042
0.6885369333976996
0.8046272818639295
2.9231293594144176
2.032035426780567
0.8818280565674854
2.7646074331499335
0.7615824779474565
0.6408903726693893
0.5527892896196249
0.5397829401252352
0.8255847549711461
1.0708531598472177
1.12351552960763
1.3831210444327553
1.7367505590844985
1.2144670487234066
0.7088612936150298
0.8774289397241546
0.5610518730010767
0.7278501079214834
0.7998560304552029
1.06296116708711
0.7690670431951503
0.6582138419448711
0.6008449901139556
0.9389423297018311
0.9737040071900083
0.6472238040954608
0.516937109855121
1.0867006754672275
0.9410748439491954
0.8825096830560142
1.37842636710252
1.4304410961069607
0.5146086821501967
0.5193679103934983
0.5961339416277269
0.6189845931113496
0.6187749210400852
0.5000492795517175
1.263455414500072
0.5364827958567275
2.010848147483216
1.7338337673431852
1.0273146118884142
0.6415958470594205
1.0625431056103025
0.90851947510032
1.106221669977117
0.5806810707916839
1.2837541428858685
0.906506297115584
0.838352366869799
0.5514559956965286
0.7718738291691807
0.8897405582386
0.5796531746731262
1.6050743299970236
0.5126837042882926
0.9089103655709323
0.5605034391053323
1.1621377657621679
0.5195201507503953
2.0333735170482896
1.3543614958872467
0.6780176536634599
1.6980554376099235
0.5218821650910286
2.5017440997055473
0.7281715471087864
0.5626477805597005
0.6795453221319576
1.4769035617609916
0.6423211742927606
0.9983094292686019
1.771309385728955
0.5502617368110805
0.7104147388799902
0.9341384009720741
0.7625435716302036
0.8064884545665336
0.6788896866946743
0.7683594978831252
0.505350272710757
0.6058458345900135
0.8430708496485977
2.776280443388032
0.8595124551068238