0.6993702246375723
1.460453713184514
1.2261492885065302
0.7345434974477474
1.0469012173575205
0.639641487719274
0.5069684383943134
0.5374686439875695
1.4042859255606537
0.5412551759917363
0.52089454890071
0.5060294885154271
1.3531544303794547
1.3370142843582684
0.8810434973033168
0.5228124635402551
1.433294207735436
0.7901540065197281
0.7201071986673568
0.510060751259644
0.5110801621612211
0.8108779467760172
0.6198173287257944
0.7646782498517837
0.5794577962403196
0.712748752637367
1.2089275256475247
0.8578176508462718
0.6733757115562042
0.5691036488555881
1.5078986863264277
1.2349793485647638
1.0862031615523762
2.480416407515122
1.4068992772504174
1.59763669653357
0.5165731401824019
0.5808762320482828
0.6714000513994023
0.9777942907142432
0.8736479023406929
0.7089334337980233
1.5031494346374643
0.7803371745932992
1.4846528265906898
1.925027852602767
0.6610163917799525
0.701501990697011
0.9880905749896556
1.4294888234154257
2.8228655136715304
0.5902543260836808
0.6732667000422339
0.6113308231172709
1.1487329335579375
0.5358273315834765
1.5573403664296848
2.132708956065983
0.5968759317748038
0.7779726069316837
0.513266544825342
0.9270614867997722
1.475536513891086
0.6861428804818956
1.4261351044262085
1.4581132413055116
0.6595803397330826
0.6578663644804976
0.839279869262441
0.7924002712750564
0.5001748109188497
0.5247505858615398
0.9179867552614951
0.9474006157123256
0.5598159906934939
1.2650184021757127
1.3290802057647113
0.8385584036512626
1.115561459882315
1.7151147523729833
0.6828029997419378
0.628036807749254
0.7909779441695264
0.806347287493395
0.9458933048334188
0.598070923706473
0.6956469804998164
1.7685827464599129
1.2853987078434557
1.0901013834559308
0.5434380396737879
0.5515782728382987
0.5411884811927052
2.263542225469166
0.6302205602176514
0.6309667770636338
0.5218143604534475
1.5774956112195468
0.7999548027543142
0.6060739761330751
2.4572330559485636
0.9330275357933715
0.9244285923591633
1.3862660161858003
0.5147294672589737
0.5589547685817706
0.6695332633804014
1.2820866112778617
0.5306876245680883
0.9769216679464421
1.3379202455868153
0.5029836198321505
2.230890301065074
1.083690234304413
0.5706798697759723
0.5271798940520966
0.5522368833641735
1.492341501488852
0.619884344627053
1.87504033071599
1.0448511555093773
0.9121028607857511
0.8416889322309089
0.6728014335420767
0.5395454643752373
1.0712370010140262
0.8057435314993313
1.4619311603213418
1.1578738954453343
0.6584529994375998
0.7058021746985332
0.6275064699744917
1.1138060526399158
0.6165404441569535
0.6300654393956506
0.6440144950103672
0.7092338539516732
1.8402592606470307
0.5428878444014344
0.841018918013674
0.7512885125464095
2.376238618112893
2.4628678288477204
0.5529817704426137
0.8951695355539755
0.5498669165534125
1.3253276702678818
0.5898801962150628
0.7826386549296558
0.9274477987393652
1.0544075899462655
0.8796472285721393
0.9599845722001419
1.4114061774089919
0.6998462889322354
0.5047732444847952
0.6474526233221809
0.8226431531095955
1.3742761212658365
1.1059982346142192
1.0460510491135437
0.5853185677636361
1.251569180320189
0.8230708953485646
0.7097792164139491
1.4087875186185101
0.5859494439660011
0.7016565887088291
0.7311248620541164
1.9288846044386219
2.234914851251574
0.5604488744610308
1.2478574872322952
0.6907841933682448
1.0958991435502412
1.3585048181302
0.6958012089469321
0.8279341600564294
1.0751295638963256
0.8016223537088081
1.0500352803006763
0.9699053216057791
1.5150608993463948
0.5220278520831698
0.5701854200392518
1.0366347781842933
0.9202691197004924
0.8782618007217025
0.8401995576821264
1.2645073823797475
0.7634423374390735
1.33055364750021