2.473208150413842
0.887696401524293
0.5936354664678651
0.5432497358987547
0.83559590028187
0.5502926707965479
0.7444440497743923
0.8761933502947272
0.7752961395516778
0.8480405877662207
0.5501999089033909
0.9735233292083443
0.9268983321550088
0.8625804889563042
0.7319436314701306
0.6271688683144276
0.7926668272475155
0.6064417289211832
1.4072043853905427
1.5109562766967741
1.0580365858297966
2.8273330014133577
0.5062231490101397
0.6783569199495787
1.0893165479561873
0.9300592829399505
1.0559695295853686
0.8563812572787981
1.0849795331490384
1.3922428898139003
2.407717460590632
0.5783757127228881
0.923775705484033
0.8735710534956098
0.7418205425769173
2.479297639498782
0.6445485842954355
0.739853753658565
0.7287934892713395
0.9406489484937168
0.6344370677865641
0.5177919616182152
1.1174191228048187
0.679912511495985
1.4695284007407423
0.9172291655697222
0.5698606619564259
0.5684075973417748
0.5718000731957318
1.04841101112018
0.5435279647194022
0.5380738977197836
0.7581510640245881
0.8234340723825824
0.7423160317926545
2.981384928372819
0.5869665354953213
0.5623062947146593
0.681676672651264
0.6397035813485843
0.8202670490125286
1.7171657338561204
0.5591777495517078
1.2347583180814183
0.5659650123216977
0.550093122219721
1.5674314048418978
0.8359383166129248
0.692086993642647
0.5110574597106279
0.518893502395855
0.6730952010335045
1.2699439803083976
1.107468885220328
1.0352827700401122
0.8545161323199864
0.8232871200716261
1.1800659285515565
1.5781356381182547
0.6154963608332196
0.6968888537483622
1.1001230967455626
0.9343251063439766
0.5492476567018798
1.0149462769570334
0.6580938417606319
0.567734242452758
0.7689758041881589
0.7139452072743211
1.8323352557480916
0.80465845622399
0.7837036922055916
1.1959577610622603
0.5359592912695916
1.2113111299479442
0.5332675110983018
1.062569547460896
0.9886797527147451
0.8850767264636943
0.8347958723396687
0.8073747611863382
1.2414380507876785
0.7475860374883041
2.2016467527407144
0.6836330840720848
0.6866377973503859
1.0849391549140819
0.5841596645704499
0.6495403203077217
0.551994943462546
0.5573661349500867
0.8210683292982139
0.5033585212593721
0.979892678536487
0.8488940755994463
1.0303808990053653
0.7600182828825837
1.1582315071203197
1.8142672273679636
0.527672224412413
0.7333299224221719
0.636902832357805
0.712928920363936
0.5857668844812451
0.9218852058546645
0.7464323058171658
0.9559035956680759
1.1055361008255886
1.942427644308225
0.9673629119888005
1.8600498908953682
0.581026116137707
0.7945726035352436
0.9466471913344776
1.3072728565836087