1.666947528060811
0.702785149280305
0.617349671818852
1.1218502344524452
1.4315695938684954
0.8076284718519311
1.0149952444628383
0.7026804047712005
0.6959637537485932
0.5882967559945413
0.7270229596929028
0.7227604585023286
0.6765038678320536
0.5472332592449476
1.513254711343066
0.7177004567190011
0.5445442472272504
0.8084844960905855
0.5587883696888412
0.897515717798882
0.6713909708043388
0.5305972090589393
1.2267498210575525
1.1800032857240979
0.6639673337923
1.4225751437421081
1.1172851139334057
2.045755393084306
0.8223903140479933
0.5239324039760049
1.451447462413995
0.9113975508804799
0.9905519822690394
1.135120184256948
1.467322209596972
0.6196552969346669
0.5667674292147353
1.0303772830650644
0.8976846126444968
1.0545713453776955
1.3046795414989845
0.5070359143536507
1.8816891472581858
1.1711058965867949
0.5600379737164758
0.974053561234598
2.238690455292897
0.5657719778159844
0.6088221373422584
0.8810105980988396
0.6109580624215027
0.6930843070838932
0.5093771015936
0.9536593266412297
2.815983591132351
0.6428392996652974
0.7765667264913532
0.7886067029335777
0.9742373213902056
1.7021974533881803
0.8865437894667707
0.8508520439322069
0.6728154019256749
0.5722571569069146
1.2554320645853068
1.0071146906130934
2.2025879181047685
0.5233397564989559
0.6762579427619926
0.576376162400777
0.6049370147453601
0.7446347032180256
0.565150877080498
0.8333165661560997
1.1182379343042044
1.2481728918792214
2.3340323487116166
0.5807833872346464
1.8896292258079939
0.8028899551662221
0.6442008257143357
0.6204324605073452
0.6421792366960517
1.8734943159432191
0.6551236551448483
0.5075334708637911
0.7698568533321577
1.107277725797303
1.5111443497090704
0.648874247022718
2.756106461222771
0.5663417311548073
0.5114254337586317
1.056751942623464
1.1197685433053266
0.5411262029730324
0.9353341748179673
0.9025229794096958
0.6442030261566742
0.7288530300597813
2.369591415609989
1.711269259750111
0.5017063142784082
1.332497168054033
0.6223125402585765
0.6002229900827842
0.6636650514629991
3.0745916185227316
0.6265436392765196
0.5067054149519663
1.2757397192186772
0.7947488819586397
0.5625204161949569
0.5644002939326356
0.7044945337190711
0.6838822617918368
1.9331072782521233
0.8501394422515887
1.4692085483009123
0.6945631640326155
1.2599567147424295
0.651909067877682
0.8404631207191642
2.1053342809376545
2.0023426257341725
0.8545885585581345
1.1190299271912636
0.6025831170437641
0.713626277168828
0.8836699658741054
0.7708986890440883
0.7158402308285758
0.6426951155856386
0.5821463224813215
1.2065420594954048
0.600901581017979
1.0370018126585592
0.5446069272127261
0.7736760504174072
0.772413890936491
2.794773407281127
0.643497406978895
1.1269678578954654
1.050482499838722
1.1030410754159448
0.7834378277037786
1.001340437527233
0.8374135319007792
1.1057795166414053
0.7516584598587315