2.3277374589755913
0.52067389664102
0.7023097687945743
1.0400757282953794
1.4245336572307625
0.663624333287661
0.5516194374167931
1.399455511070304
1.01118197190344
1.2493417670188727
0.6788656005205205
0.5285459475470482
0.693641057688648
1.0111893301058856
0.7599328892633608
0.5624228036369843
2.5480431371946253
2.147995578485421
1.1697980803603514
0.5360799175755204
1.265727289425385
0.9379071294906254
0.5576207450356137
0.960356469373707
3.3948541030824373
0.7711666584731631
0.7073859865509036
0.567916897712152
0.8434154005731926
0.8777775149419824
0.9339184690168736
0.9703607723272825
0.7388167898170366
0.6185294486678146
0.7779454329647848
0.5283407529266668
0.6727503422224572
1.1960300494467617
0.602832702189815
0.7136330086047877
0.7824050796487114
0.7759652079777908
0.9401778324289296
1.1080400419177607
0.7485251444040841
0.5111524634742466
0.7281539005146271
0.5373938869045105
1.384479184111001
1.0778484741802288
0.5636063965928315
0.9907520601057058
0.6660693467895271
0.6933551679498748
0.5116960455650883
1.0857346927566596
0.8787256505059418
1.6969005692668304
0.7039906471247548
1.7301724823264237
0.9887528464469142
1.3306851851886279
0.7965283168628616
0.5726101353639308
1.4370340243862358
1.5743459581283048
1.5694602077345792
1.012171672613249
1.0618011330633976
0.5091974772760466
0.5196834265195207
0.550743982485443
0.6938232370694379
1.2110512276168492
0.6623010142530177
0.5624800723199996
0.5410997474876069
1.660565595754008
1.6908014063369308
0.5624011754123899
1.1744086202346864
0.5286897642401129
1.0706169847064757
1.128255202801597
0.6590565432132394
1.5799647064179112
0.6622475297614869
0.8340259303102471
0.659089421507332
1.1938585058384206
0.5343294979183781
0.5778493002347318
0.8759627048801235
0.5319042176583935
0.5608248249344001
0.6171533229411921
0.8633950568837463
0.5214187513020079
1.523893329923112
0.5058148813467938
0.6561305611027706
0.6346758684528595
1.9292119982405325
1.0079425321661688
1.2695720961092434
3.093425783151474
1.3861328712758905
1.0209106642928987
0.914358619130951
0.9338949187579146
0.5594266302043138
1.3517351340056507
0.5798654100674412
1.1707010898319368
0.7777228278711732
1.2515995423569848
1.0605877260011312
0.5572636016399883
0.9697345169631149
0.5645498888550264