1.502224346146879
0.6367566701589671
1.2838762813564841
0.6675177070454144
0.5078480711422486
0.5118546488118536
1.072149058150707
0.680146321224175
0.9384414566667623
1.05578162921325
0.5043118008037482
0.7217020561035916
1.0407669383271845
1.08481378515431
0.6130112244890071
0.7262803052059041
0.9118302943177099
0.9226257883201896
1.2772516852464335
1.6124033951041028
1.1763118087337077
1.3175280916799181
1.9596008915140146
0.6052846238789797
0.6206609008362207
2.0273243583696114
0.5828202707151746
1.0593725921854116
0.672861029573923
1.007575001753466
2.0411022458525565
1.154399628613831
0.7301438188161455
0.9012655895469948
0.6430198575730799
0.9232095808720544
0.544459768236564
0.6440567376844655
0.6127969636908404
0.8038765696517913
0.7640250048087296
0.68929791172242
0.7144150644053013
0.6388490451878681
0.8786088961707321
0.7509791396143584
0.5372063888642913
1.3327372555505406
0.5626788321683307
0.5066119258102049
0.5058322814078338
1.8556473552102375
0.7686831511067851
0.8180522901462268
0.9320459255244202
0.784163276834505
0.7003869988706413
3.0682193118866508
1.4711499908675592
0.695062214497483
0.5642482106480031
3.009053444327378
0.9814158368250503
1.355113565466695
1.0610315420717882
0.9577562974255898
0.5513909849044865
2.5437576154243686
0.5663377872740796
0.5673776017348189
0.5051038329209518
1.0539454592247068
0.8945415534657286
1.1778113357345887
0.6161542423283208
2.0017750049526057
0.8645924816153752
1.091347431243321
0.5199150705684303
1.691859799777518
0.6005329456284301
0.5680635656496804
0.7958802724484428
1.070539060061634
0.7065486526616667
0.7154973708176726
2.0389340560103903
0.9875590083134966
0.7187701785160812
1.099252757804834
0.5302227384348726
2.415706871971622
1.0194366353957207
0.9511978079858636
0.6004159529940694
0.545280959524348
1.5363114009517744
0.8597727155674306
1.0617949186472515
0.9172272080685389
1.0970492242061027
0.7630106557427325
0.5149374169694738
0.5346186131111494
0.8212211791486652
1.5599761974900161
2.079265274187776
0.623506350903881
0.6518153901004098
0.6441016474133221
0.6877096721472071
0.8764604916550525
0.8229048878595222
0.7723147187438144
0.583883554386432
1.1286516053560263
0.8840082362639805
0.536894214671122
0.6940786650182531
1.397661374063432