0.6828613635687207
0.6009611558194807
0.5904904483511242
0.9925321769809647
0.694424481691879
1.068713252148008
1.1710122986203686
0.579235775150444
1.03613899839808
0.5134708811785345
0.6439024376062967
2.6864174931585545
0.7713924461894024
0.643927280740094
0.6108156057733538
0.5460813587871414
0.5269868975635106
1.618082471367039
1.9842095738595376
0.917474192791154
0.929122647877648
1.297370573838009
1.6526700612479885
1.0751949293490668
0.758039247589096
0.8121353272442065
1.1899577623380537
0.8076802647215544
0.6852083695974898
0.7230183952202651
1.1909985620511918
0.6892719534137512
1.0127523754556194
0.9316606484648133
0.7345694947200485
0.8324090093960024
0.6603797310838075
0.5013238035709833
1.0505350406401988
0.5400506294266876
0.9306658341065344
2.728873150079707
2.6316508379879764
0.5236079874728148
0.5000464253029975
1.428876958283638
0.5317781828735235
1.266922184029795
0.5436638746075744
1.1405949990947875
1.0221758783569044
0.6041295467962016
0.7275964757651536
0.6360767473888131
1.3802633384055696
0.8615186429173605
0.6587102627082118
1.1241895270791815
0.687676748099534
0.625590367384234
0.6949382033498921
0.8863825769213634
1.0364804195173463
0.6324502910613319
0.5613931586293859
0.7800979572450899
1.071807155108246
1.022644397846392
1.3744894027055068
0.947617038826877
0.9475401092281857
0.5024867928632375
0.8240214269522426
1.3845826648911554
0.8298868292244777
0.6610950048500399
0.8889603471793635
1.9049857954455547
0.9801872515657237
1.4205722395798261
0.6537153618139939
1.0561436853090527
1.199101377715806
0.7490283849926982
0.6162288704737762
0.5924449236704277
1.199045179200823
1.2456483090276151
1.1225003663436155
1.349626789264903
0.6469176929622904
1.0608754157338467
1.1811900456437456
0.5226469567027152
0.5126135527213478
0.5087927656718989
0.6506571478364549
0.9569851011541459
0.5746095340371653
1.2807894714068766
0.7581627034266489
1.409443907464265
0.8285285582057327
0.6380979642457874
1.599946887171427
3.477869140570135
0.6651314948188656
0.6655827326421218
1.0325742698323097
1.377152472282944
1.405861401888444
0.9241994243209888
0.5950967776863081
1.850843989456962
0.7141914993587193
2.826798561482576
0.7616078860833682
0.7555424667496027
1.510416547411296
0.9735184901353477
0.5178323863754599
0.7090565972524701
0.7041999960616749
0.9946869973714456
2.173692280196974
1.0415271633909242
0.8864194335391176
0.568529615747309
0.9632691964595779
0.517002685185048
1.0449457922874217
0.560962793492024
0.5770553619735779
0.7270362230802334
0.9720704392251491
0.5466005490221164
0.58903986730121
1.3482448397687108
0.8372813763226645
1.0797971181021921
1.0824436169323235
1.0918717285214257
1.7070829926605597
0.7746991333046935
0.6387927969857969
1.3252939500470688
1.8881302814555738
0.7392039432806428
0.8636882013108789
0.5775917858996422
1.0292704399068384
1.086551863629495
1.0377703264601337
0.7585109647274066
1.357995169054277
0.9840748593768467
0.5194053436858894
1.0726107919873016
0.6555935621358913
0.6548949192576288
0.5631492272568153
0.741417415688602
0.8489778375095511
0.5348324219130518
1.8270881794595653
0.5559062233139684
0.8504135261916872
1.594113098186881
0.7617390594347171
0.8231094499928986
0.7713523853044535
0.5551016567642364
0.6182475769799112
1.2342994805472927
0.7197811678555581
1.6304436992032834
0.5971808530814542
1.7017179438192898
0.7472050086760191
0.721001007317227
0.7056604733176073
0.8074243243406727
0.7830304272484909
0.7663905171289116
0.9074918181557905
0.5515582849587872
0.685348812015377
0.547284506990195
0.7610911751939966
0.7364067984999565
0.5522026733877965
1.1904665394068843