0.9019824851246858
1.571016717979135
0.7000260916075947
0.6131449058276512
0.8824929571857112
1.132769670483988
0.8980915101214428
0.56926408659724
1.284579662178615
0.8500082676082457
0.9497772708912393
0.7531654238010219
0.6037834185434647
2.491642949834734
1.8702330716803104
1.177242641093585
0.9380074258536197
0.7241531712936862
2.2293022756222953
0.7647135177835196
0.6177114510685442
0.7678189067475785
1.4327427387440395
2.931106347081837
0.5983711783517265
0.5314246389175565
0.8277977553270688
0.5248322732840336
0.8565524973765832
1.3893349179246854
0.8154014997046914
0.5190751562350329
0.5732585488756854
1.8680664930991213
0.7013849831902803
1.0650796901242359
1.163765066914081
0.7363970546552139
0.6465974425101848
1.079869526846636
1.1948924305597615
0.7550211949343577
0.6724662680572635
0.5310794836515242
0.7550647900299907
1.2674201508431793
1.7746235440311864
0.7964211834898833
1.6058676390402127
2.0988168405251315
0.5876730427689267
0.6635531646612662
0.6034329519436028
1.3703969194459376
0.9854552549482491
0.6433636803587035
0.6389566465331882
0.6813257232543322
3.092109347909968
0.6024224618855385
0.5103478393285172
0.7490227313910509
1.3662689376973844
0.7802746841560122
0.8670475436725553
0.7488019550053195
0.5071632034552067
1.6801338296838821
0.5022161760668382
0.6752773031694232
0.7775037515257566
1.6589361589931855
1.773318799880343
0.6543293541114394
0.8643489348833384
1.6029014366200158
0.5369093321402829
0.8960580321367217
0.7331219749582374
1.7886401376599395
0.5356549072710095
1.098542308160404
1.2104532591473003
0.7957846054174524
0.5294281082627208
0.6074390100194478
0.7045637500917223
0.5290483211133505
1.548823162639053
0.9845666565037732
1.1163675487662204
0.8935161432606264
0.5834287112679135
0.76004888549312
0.6915404082342889
0.7156395446381225
1.5311821116125657
0.7637711342489979
0.6765951554665435
1.238841186530351
0.6973250679130274
0.8771979372780834
0.7046606110333187
1.2920843181959185
0.5961453838534112
0.910468176339748
1.5034132519184027
0.6241512978666037
0.87332099079714
0.7261573676539115
0.5911324645953187
0.525116519438825
0.6016600734338908
0.6887192304112659
1.0444764303965712
0.6350075868496674
1.0853886585348391
0.5913199533742954
0.6761981992466417
0.8515543515442232
0.7353591830116102
0.9949612248791482
0.8829888146875078
0.7071278110361163
0.9232722407308529
1.7750646959858045
0.9940026008915197
1.0244163965431312
0.5882155456412761
0.5493758158646074
2.2984124712669427
0.6633774088974747
0.711564142106397
1.1433000392107715
0.7720188755787945
1.0808466071637213
1.9316098728091902
0.812164882042282
0.6137645424813059
0.5254618111912919
0.866467031110858
0.5825223525786782
0.8315665959228795
1.5918315147013686
0.8652924327790856
0.5206282816651537
0.5380653567869444
0.6628851032123748
1.0071501361628066
0.7920902358467856
0.6754490489507816
0.5674830484475137
1.4920913354629874
0.8731039704029513
0.8928459134862123
0.8490792013458872
1.1523863296849868
1.0675593318593997
0.7348288684452768
1.672719848300403
1.3081952370675936
0.8725973550775166
1.019253757969409
1.1759515458965097
1.3506578549341839
0.501709935828103
0.6162701184908883
1.3641083812847228
0.6142967688373346
1.524281408052957
0.533320274395237
0.7484914559238405
0.7861467642649131
0.7629561555111195
1.193800964086904
0.5654632572178571
1.1355072187875521
0.5948895677038308
2.158741096388326
0.6460668262322997
1.3162046560207727
1.5687718259499661
0.7641660861576156
0.5742344518105256
1.0835820199788486
1.1649431193842474
0.8119073785280762
0.6144581839126886
1.3333298789037826
1.0127278840210465
0.5771893910682593
0.606925326038322
0.8948703362231072
1.2449762262156128
1.3980489515118961
0.5902986540729671
1.8007608059091353
0.7482447315500167
0.5769228544209
0.5558674928684013
0.7647278745607764
0.5194175719989289
0.7747286982548758
0.5434707300577202
0.5770426841189646
0.814848428581513
1.339356038501478
1.2358872177065905
1.0222636289668117
2.081775900271623
0.8703133125449085
1.2375871951552426
0.7760912281527226
0.5446066458537189
0.7002783044090393
0.537321757228483