1.260700592499705
1.5056503490520248
0.5492606891383858
0.609424845998225
1.7370789721292557
1.7251169906680612
0.9209886360307813
0.7030742399923078
0.7141755884316581
0.7442702602199098
1.5124403146840386
1.4052522895997974
0.8523795204500964
0.7585155331275004
0.5757397237063628
0.5702898817135065
0.7256457850847866
0.5105904886775932
1.1811771889227742
1.2099328663271223
1.1186706359312026
0.723332980056064
0.5741394987856481
0.5712954163607762
0.809635530395326
0.8632875874193715
1.0916031375642916
1.2887406344758432
0.7503567940080274
0.637680367294351
2.2481444007440956
3.1775537216474987
0.5014645411838785
0.8273533709802905
0.7096585257634018
0.8175893852599927
0.6566499667958112
0.5599373708406716
0.546227934227943
0.6285707060344237
2.287571368205377
0.6000764546280948
2.35888801099739
0.6990835425106496
0.6502011996846448
0.5725525075989282
0.9323924964834731
0.7292679605980794
1.0642839946219027
0.5347271610678348
0.7721109279482192
0.5891998346495626
1.7462671812694168
0.5781586141918922
0.5413847213377778
0.8938228627459068
0.5553999705443005
0.6942081072389783
1.1275036885190843
1.2598239360168009
0.803381638619328
0.6378124145787751
0.5173264122946648
2.2444466344961995
3.0611458918870085
1.6449212726097073
0.598512589168763
0.5187401796096367
1.0507056324856876
0.771412154896467
1.189369769504765
0.7034592308533547
0.5794782683650794
0.7347801373435345
0.5301573196949505
0.9589590070370377
0.7402356461072088
0.7618801200328278
0.5875050848231638
0.9481995072726477
0.7915236367705063
0.5027296732359616
0.5004546505460894
0.6558706302281223
1.1700692060350661
0.9030873444530414
0.7486900578838629
0.7880613522143278
1.0161302899854263
0.7887010206237619
0.6789997811131911
1.4255627445427592
1.0328463918239095
0.6000724364782855
0.5013950024072074
0.8193571180218555
0.5333509397198952
0.7615464242876158
0.5972700589663873
1.1449469775728858
1.066409815991392
0.6044149556240086
0.5093715886249583
1.087296664232042
0.6455146684394322
2.5094948814083864
0.6240301172379077
0.652678450228791
0.8203316557850258
0.5880907491914513
0.5230023214108996
1.3501085809605797
0.61948146654521
0.5763580239841986
1.6449039313111484
1.3176234651919572
0.5472394951276556
0.9375529648210659
1.5065685851667467
0.6334376607126728
0.6171872098324229
2.71726320356089
1.2557762367202372
1.1654111000530634
1.3287733375950097
0.5192226989715323
1.7924624390748818
0.9764327528142758
0.552968190024842
0.8552035227122587
0.5177625389769673
0.9049762781094159
1.194939857037184
2.447304269391566
0.8336653586374041
0.9297112660125322
0.6370236200570503
1.2288357391924478
1.3929220343065367
0.5293581651350223
0.8909235365986206
1.091458362545211
0.5592371267192675
1.1409198402611196
1.4415244451661238
1.2835571749933479
0.9178270342201813
1.1630548393443974
1.460321113359214
0.788297316248304
1.1386169125457286
1.4155986996544812
0.6747629166387696
0.5267855563341186
0.6625140910007872
2.0307129952196306
0.8805015952196982
0.5921581478780809
1.2852856522242746
1.3086637048513694
0.6398368661508016
2.0381946903148673
1.4908785452403208
0.6755831680530946
0.559336881812726
0.8906195025849115
1.3814666289981687
0.6332148407244063
1.4236662294578082
0.5441404476405864
0.9146053212454603
0.5036255474685163
0.8244257630504421
0.6724788148018774
0.5075904955614874
0.5302939559120432
0.7091269860555371
0.8302006062239116
0.8364405364205822
1.5191739346876716
1.423091125622932
0.9886064672703583
1.0639273196341037
0.8301721942874565
0.7309525571276367
0.6849224173988091
1.2463195173582449
1.6109564070013107
0.9219970547484309