1.5
4.5
4.5
3.0
4.5
4.5
3.0
1.5
3.0
3.0
1.5
4.5
1.5
3.0
3.0
4.5
1.5
4.5
1.5
3.0
1.5
4.5
3.0
3.0
1.5
1.5
4.5
4.5
1.5
3.0
1.5
3.0
3.0
3.0
1.5
4.5
3.0
4.5
4.5
3.0
4.5
4.5
4.5
3.0
3.0
3.0
1.5
1.5
1.5
1.5
3.0
3.0
1.5
1.5
4.5
1.5
3.0
4.5
1.5
3.0
1.5
4.5
4.5
3.0
1.5
3.0
3.0
1.5
4.5
4.5
3.0
3.0
3.0
3.0
1.5
1.5
3.0
1.5
4.5
4.5
3.0
3.0
1.5
4.5
1.5
3.0
1.5
4.5
4.5
4.5
4.5
1.5
4.5
1.5
4.5
3.0
1.5
4.5
3.0
3.0
3.0
4.5
4.5
4.5
1.5
1.5
1.5
4.5
3.0
3.0
4.5
1.5
1.5
1.5
1.5
4.5
3.0
1.5
3.0
4.5
1.5
4.5
3.0
3.0
1.5
4.5
1.5
3.0
3.0
3.0
4.5
1.5
4.5
3.0
1.5
3.0
4.5
4.5
3.0
3.0
1.5
3.0
3.0
3.0
4.5
4.5
1.5
3.0
1.5
4.5