0.9554710148120727
0.7659620775832199
0.6363010994499767
0.558486713091094
1.3390381818358161
0.7589819691930089
1.038741185809318
0.6659317459610499
0.5503710509248805
0.6831130705559545
1.150615545837077
0.6570890780460488
0.6446290624018864
3.507844158040868
2.069781548550303
0.6132101341360894
1.4925842214616551
0.7519759169949651
0.5199926747328263
1.0907969156637947
1.4251091757282808
0.5904474471256904
0.703238828964281
0.7774854594592355
1.1018723682145364
1.3553533192771354
1.431219779455688
0.6105828036559728
0.5309460940997326
0.5460784985727685
0.6463010936666933
2.785957299693493
0.5516585940042518
0.6384366666803629
0.6941240785076559
0.6772923927701839
0.6562014992395717
0.6399865017037314
0.9455586846313508
0.8937827573657842
2.4823991726339045
2.3572361669752127
0.5989950581076045
0.5717611372819391
1.7639124686568977
1.5018887901914013
1.1598634470894353
0.7563017859179411
0.726822003770053
1.0642445439921744
0.842891510304355
1.4083407579257425
0.8486670809827501
1.2102055685588766
1.4211814008220358
0.5190376157363801
1.3184196143848226
1.055925538110273
1.2570011529866179
2.0764014928563768
1.328913188647192
0.9605347892182863
0.5432020679695313
0.9094232952662651
0.8907383945813194
0.588809094283846
1.2380364443160943
0.7793585839690707
0.7718140380157479
0.6519617096454624
1.0716413270865246
0.6913144891664444
0.6322078085492251
0.9859756215527398
0.7027193470826489
0.5535544195260798
1.1635797861301853
0.577995302200236
1.3397200615935958
0.7254046691854228
2.5841065275427013
1.013537401940681
1.1678484712876127
1.2466411494452245
0.5391491271690825
0.8174426175751819
0.9594474474614572
0.5392693817585723
0.7298634912979196
0.69260445652003
0.5224345145296638
0.8128792285061195
0.622928276813127
0.9387274196007525
0.5546800300968471
0.5194967202755834
1.8765441440523318
0.5430491529423875
0.7159766845406921
0.6212088830275775
0.8411166092801068
0.520729693734836
0.6420723893616014
0.6733213727278553
0.6849062362744007
0.9344675387123402
0.7473553344117931
1.0950756262399182
1.2369175197674167
1.2424808738158504
0.7945394088621356
1.1318898677891411
1.4815677142136678
0.5251572767485868
0.5186228151068804
0.594758698828457
1.2271979116662237
0.8911325014406657
0.6475743754913879
0.6029922302284376