0.9444112121069868
0.569492262135531
0.826120464442444
0.6884013835042095
0.5310822815870218
0.9790546007236482
0.7864825288495876
1.0124069402098819
1.627235458740472
0.5729619085522835
0.5949930431034396
0.6973931171123411
0.6041720076316359
0.6424782007704479
0.8239930523080901
1.700343303223569
0.6511898661213351
1.1691956186410337
1.021722807681627
0.6918699269371373
0.7450371531030768
0.5210815073942783
0.5555944343980315
1.1538316057552507
1.1024925467782722
1.4527721743619182
0.8499849090988505
1.6761888827859792
0.5600964518808667
0.5459280037842547
0.8479679307832981
1.4880793965924823
1.3641152692539436
2.5108485688663507
0.82754888639559
0.7857319102659233
0.5805265585887582
0.5122498438859964
0.5595131087212337
0.6668760695286267
1.1381362588831792
0.6802783361676177
2.038407508715494
0.6153192835691357
0.590467516986422
0.6459291709684436
0.59511468813227
0.5978569959736433
1.743795660479151
1.7107038480507128
0.783760262004165
1.0322910264539757
0.59139590108785
1.5933473303828123
0.7845938563442019
1.326243907449225
1.3521388003868253
0.6199697135243127
1.1205975551344807
0.6510772291746889
2.3844425147692903
0.9684438203761374
0.661182770401723
0.6219288205508917
0.5138870889578016
1.2951968250822858
0.9633213355260466
0.6159648981505939
0.6396988006303559
0.7744757689250719
0.5556361377891506
0.714963611338419
1.5802647851901668
0.6509202971077457
2.3688377548675703
0.8982539693631395
0.7205704134505879
0.5567247498812833
0.7508357861352408
0.5392544491002127
1.0610068803161425
1.17754636044873
1.6407507532755972
0.8660756208536498
0.5716532709745934
0.727747607045842
1.072045991030393
0.8139953354620104
1.0954151601184776
0.8869058887302685
0.6523407671441817
1.151996086935867
0.9935133297082643
0.812649096337168
1.1872419788204525
1.0398302337490009
0.6967052359115655
0.7955636297940032
0.7783719230864108
1.5763127456440316
0.7375648098304168
0.951744860951294
1.1057355051079867
0.8202657232974389
1.5251296631583955
0.7536554165204166
1.5902834564719228
0.8781091854005467
0.5852827442304829
0.6408362592366075
0.9944064780486315
2.1416853935701283
2.225584127697857
0.5259094138502292
0.6970970158696446
0.6280198794809735
0.9300430389766348
0.7541209005586325
0.6631360660628616
0.9554723550084532
0.5947881357793676
1.3800788933330637
0.9667869692427189
0.5539349698688625
1.920248519067684
0.5622013010418527
1.0565692673876015
1.1144365941150909
0.5617711040716244
1.1514471536109454
1.2511359183331479
1.0581727474198601
0.990329989435395
1.3253319397234122
1.0609593259186454
1.6955849739367181
1.018528044834568
0.7268304058372337
0.5741614223636589
0.6767346332441093
0.9699886303477001
0.7064004486547901
1.964989200944217
2.0761219484704156
0.747948253861864
0.7326889560687846
0.5034778497891921
0.943858450046605
0.5101074333609859
3.452755763819482
1.3606380182483804
1.0245154730234276
0.6407056305532706
1.772009879925804
0.556005987438823
2.0208977102092263
0.5157933559340222
1.24762671473502
0.5364196167745376
0.6323476642357377
0.5089166374472711
0.650582542041434
0.522283559716584
0.5029423816345115
0.5955858594101073
0.64065655363936
0.7222185079469909
1.1084941633026801
0.690826130440314
0.5481253824323744
1.1427337368649546
2.1518435552850406
0.8676907717289168
0.8605447895662905
0.6455626367667833
0.7298301246103165
0.5338959000557679
0.5385468709443444
0.7774385521760223
0.786932248213077
0.6128062498694362
1.9064871868533828
1.2777568274669875
0.5658452492470474
0.6860812320848027
0.7978153311747747
1.17584438255642
0.6039007493089912
0.7897730501748583
0.5744332641769461
1.5785713589540364
1.0500004563040193
0.5249483488278202
0.7944851970681839
1.414658571002633