0.6761538337175079
0.5882800370486789
0.7014473352109487
0.5948682056224666
1.2192544017344034
0.5763141977038941
0.5226652814034978
0.6390269089492904
3.725511330680476
0.9101392554215906
1.6014859658307472
0.9543528904546719
0.5917553264552282
0.9029472116780539
0.6021930162593065
1.0206908841235531
1.5173997718580097
0.57151522580277
0.6090721178193803
0.59724923393469
0.9184266313521192
1.560015116931197
1.5195837341691174
0.8127380264486419
1.2998762269171493
0.846178661311086
2.935985181008931
0.9339490138782764
0.5015746227287821
0.5517668592214591
0.92565322057348
0.5562777368803609
1.591455310869037
0.8901199331662895
1.1781537728184048
0.9133498716852273
0.8403514666317733
1.1401168615830102
0.5368241534521019
0.7045097440237669
0.6745656868165497
0.6875451498328573
0.8126414972496434
2.7468318182231997
1.0054810841273252
1.340228920821744
0.6392987822048894
1.5060281654820074
1.1658484312409314
0.5622896982369525
0.9543642153803376
0.842008290283843
0.517269202838861
0.7016337389264322
1.5689583188460006
0.6615977530798887
0.5775969323048571
0.5153970558667993
2.1210263670847667
0.6120910863087943
2.3697383756098134
0.6063525283656759
0.6496994088147403
0.8259145444704927
0.5271508852464422
2.2539248396998346
0.6768083576880599
1.3404667342677499
0.6448332105122745
1.11023021111248
0.7694652953170475
0.7833972737745967
0.681141092887799
0.7663238759697606
0.5755009542505718
1.2321508834275505
0.9197215429124412
1.9152566923141308
0.7865931797396115
0.7594376773649287
0.954568500808989
0.8816599396886886
1.2871404394842898
1.7098241071169582
0.6288411888082237
1.6741814063324227
0.5382314707951537
0.6823950099920921
0.5777593948336062
1.3854466484895056
0.6073872675818848
0.6060462066146783
1.1995860220329178
1.6812549068814633
0.7705832178085075
0.5276130503054901
0.7716685975610744
0.5043925311209705
0.9112885609669092
1.0475230933133162
0.7130682267684278
0.7155789872691685
0.9873581181482223
1.303934958606419
1.4968887737128398
0.5671028507789515
0.5435714938672618
0.5234612519112716
3.8908412043086855
0.5647352367319627
0.9892674986368775
0.5970938711731151
0.8331436020490628
0.5702406472206576
2.1100495626695874
0.6785595785439682
0.5883138029604424
0.7349035672754098
0.6466789216992765
0.7897994922179805
1.2888990039184591
0.5110682039321546
0.8360373250342263
1.2638901361599437
0.8346414144127721
1.6970082703689968
0.6464480506286918
0.7697416918736053
1.1653350833571494
0.5666597426263706
1.8076628726794297
1.0492013627714414
0.8291567106356297
0.6688466106886608
1.0353193812353538
0.5845321458076569
0.6064401361892351
2.002630308518974
1.811559059188653
0.5159677593704828
0.7812356366904396
1.4026605079750425
1.5202620551708605
1.3303684308277752
0.8111553540757086
0.7109008632698988
0.7877482055243945
0.8065460077204989
0.6875898667377669
1.1971635036829866