0.8137142898972312
1.1560678273771021
1.2028353005012296
0.6562997752503534
0.5550118685975924
0.9263339716464642
0.6192802815063558
0.7283847387004343
0.9236051360651345
0.7079852656333117
0.6909844125760856
0.7197342656685564
2.3602955858536063
0.5236841177104878
0.7283378765425539
0.9712014314383879
0.6352736202491229
0.8236107178891103
0.549579897693178
0.5473786395789233
0.5945595987521841
0.8456642546098578
1.9984834544506356
0.8900077260693138
0.7314679203386731
0.7578554846418228
0.6929085169034295
1.0565555268094045
1.367236934839866
0.6854514662980193
3.9770857880463097
1.0175771001106568
0.7716315736737442
1.2690179307939502
1.6462842716797752
1.3694854642022563
0.9936725152886368
0.506973567208405
0.5402294420489113
0.7444954467810021
1.2063118055406221
0.5396995887402625
1.0011277811515527
1.2355793132198016
1.0480151836414962
0.6649458123944214
0.5239646803806295
1.4675378063772655
0.5794883399385071
0.7479939067233659
0.5260356090697087
0.8879865667976219
0.6756061531565933
0.5407306116543396
1.9318589867635865
1.4814178142929677
0.8280356460601865
0.5526577577087437
0.7464477318334843
1.146288751262432
1.246455207060194
0.8196691431303407
0.5895269398028518
0.7591651640780128
1.1050567587640785
0.6994830844045623
0.6802147788495176
0.5853273539805173
0.6845530426577398
1.4754838658899416
2.9383637936652462
2.2835990765098586
0.6470412315841827
0.540644691436512
0.7053300930226669
1.162752605482865
0.7593611242166389
0.9592834652384568
1.4524030293887336
1.1938252807401568
2.4824118668690858
0.72858415974639
1.064374812062681
0.5196050517217827
0.6804486715643634
0.5283004392488237
0.6188828266693918
0.6057612301736981
0.5739552630491289
1.2656267820956373
0.8548611360416771
1.1641211754769074
1.4733719407189483
0.8038785527079426
0.5374010874445503
0.7400764738334829
1.166752726067557
0.5286295503542533
0.5872408139597383
1.3076999992800893
0.5177093057566253
0.5958693195825617
2.253386311855138
0.6764137089588758
0.9408776606131823
0.5749964140421753
0.9515905907298929
0.5861466933370139
0.7281326669367445
0.5477652198671876
2.475779065651409
0.6085069737181357
0.6016323983679968
0.816798295231365
0.8850401249475226
0.978272990720825
1.1651611026719593
1.0445639563797613
1.317843909370481
1.0498393476021874
0.9066933044096004
1.1397148996903752
1.50603100829494
0.8680359234240314
0.6680869631201176
1.697044337941179
0.8819806060336077
0.8681872240663324
0.8843981900901099
0.5241684596230698
1.149691892108308
0.9096882501786467
1.2820313160989372
1.5827574594295584
0.6323269474743256
1.2515495495244977
0.9045615399624012
0.5642632008930377
0.5496818058435338
0.5553870286510119
0.8958399526529774
2.348046499485349
0.633212516213348
1.3101225068350004
0.978266590545104
1.0696403562039905
1.3066591344844483
0.8238763339076058
0.5261775917377918
0.9647054091993823