1.018065105831388
0.64210084321744
0.5153566455419591
1.34521848766253
0.8692103860541884
0.5054481272065328
1.8005180456399668
1.7985968463189401
1.8971479515462235
1.3840947415528753
0.5543893363253716
0.5219502107439773
0.6892547232618966
0.5184711625808447
2.2126033479685034
1.0608822959397841
0.7904558603801846
1.02594701162878
0.724547681851881
1.687113637057827
0.7166389106607483
0.7333437175670454
0.6795166353074862
1.6334290276595809
0.5307198597786282
0.8297371445664368
0.7227235425267509
0.5655781513972897
0.7640860862168068
0.582738483533106
0.5584955968018335
4.452147697451949
1.1058197025264036
1.05850940003252
0.572460878758065
0.980673287447047
1.1649570756221976
0.6182449486136363
0.7637292765260355
0.6103963836572746
1.751433348443868
0.8739959570734754
0.5805302836270414
0.7786180703327545
0.7332551982781723
0.8070108677986951
0.5277599221976317
0.7257747102512155
0.8718695075357488
0.6774387481558506
0.9549075758421566
0.7068444959914757
0.6538256820451238
0.5423346342527111
0.6791086767229899
0.8658425088174795
0.6005315932523558
1.144472517413476
0.694544030588645
0.9614247815007388
2.022291426767623
0.6278788207127945
0.7933697203206407
2.4964038582692467
0.667401868603946
1.3216598553861445
0.8473352034231141
0.9869616522926208
0.5008886982285787
0.8250398107548449
1.5580684073322288
2.3777892607820377
0.8750090724613528
0.7123671293672942
0.5255014179774093
0.8594208981277518
0.9067387480660045
0.5653434308065357
1.3444683226418022
1.4475773781393002
0.7577727174870574
0.8549027305264758
0.5129745208811869
0.7845530906031968
0.5101529077835778
1.7174082673241173
1.1832240135919108
0.7488804514205185
0.7511846885906266
0.9108510922098958
2.0461452497828247
2.204227872711158
0.5105202384216909
0.8620720235716703
0.5879829137668935
0.5184123056928911
0.5544381991580281
0.818926202042519
1.0210532848242906
1.0936388759944862
0.6897361231581272
0.8455059069258937
0.9127487280701416
0.6265241207054828
0.7651216668441521
0.518743663591863
0.5634835210482834
1.6944515271994192
0.8069376127821783
0.6557557759705333
0.9939796422684708
1.0108484145833359
1.2867942854466605
1.0818359759527993
1.432392628351181
1.783732309927018
1.0591870445486506
1.1398232291777504
0.8601093302210643
0.8498093021786985
0.7447183414801657
0.5858857486079501
1.0899652034570408
0.7642198571536483
0.8032587391503512
0.5813302854673452
0.665049872149325
0.8354588774463423
2.3298864226748606
0.5986188449969063
0.5510183870252945
1.0558671704575886
0.852691016806034
0.9606221129270125
0.7426532140907511
0.5662215380605176
0.887143538791463
0.779472389429543
0.6193029326442456
1.0081214827815757
1.1492660956500913
1.1267682121067537
0.6858880022970766
0.8606070742506517
1.2573699585143459
1.1706133451788219
0.5551336222986833
1.6521389513586087
1.1285112177338306
0.5302199745249254
0.6816608475693329
2.6140456240711956
1.0027999792230275
0.9835867584343987
0.6548746234436749
0.5459588019330681
0.7099084458604352
0.5247688658810148
0.8589553006882511
0.609336290718943
0.8238466046321378
1.0567076530329587
0.5670484775227465
0.7101006121989712
2.0492942142820993
0.8517586830261052
0.7894684287965106
1.0858579661939416
1.0425561520497126
0.6229774047719729
0.7760754118797877
0.8496220190277199
0.5133160811968196
1.223966515587847
1.3359531036442718
0.6628210994780375
0.6461614950415537
1.8510083263240062
1.3165825684754395
0.8291757581569641
0.8171274061722329
1.1783406208525662
0.8829623448381199
1.515315185837153
0.6992909396861933
0.6568965481860687
2.8183165304122895
1.1333717306804374
0.5746035204766713
1.2141947262048234
0.5545555278605434
0.5530898838470648
1.0339650738289947
1.1978919401113899
1.7009580196004208