0.9231306073886238
0.6025632359191007
0.6140089454285036
1.1009048979757425
0.6584574790900533
1.4091912327555534
0.7518145306552224
1.0359484021360643
0.6425728090443492
0.6197655401215592
0.6272372491200606
1.1294578063741696
0.7377420864810773
0.7087691392851383
0.8448648920379043
0.8755946833212036
0.8090531335516147
2.560095602144159
0.9899587014152402
0.7104525749190103
0.902756714051236
1.002836239965724
0.5432193424573413
1.0762311782203966
0.7201416845988362
1.728477502036533
0.7428091284290659
0.9529553443408929
1.2575756318981206
0.9354118833397536
1.6782251195002829
0.7812322817665489
0.7455949032419653
0.7941781164501549
1.6241898249809452
2.527817098643297
1.2642595204013105
0.7726747631600404
1.2094258652013252
0.5307666400532582
1.4793293423987137
0.92202313578467
0.546820355478161
1.7770118059932116
0.9837287947575817
1.4000732796281596
2.321296978383927
0.6374937048957889
0.5544049127534691
0.6774171166414931
0.5466213404118463
1.6485803232882859
3.1110082878040544
0.6282457873663247
0.6304958497090638
0.8132211032325074
0.9180466053646228
0.6325048088284575
0.7376343787219639
0.528951890017197
0.602799138682343
0.8035749410575193
0.5765635030319629
0.6256372697024801
1.524063853512132
0.9809597921688749
2.0254111947928095
0.6867022808295644
0.8988741679141299
1.864703052559264
0.8868196281184453
0.8874299114167172
1.8375822265968225
0.7396245206884942
0.9590546405162854
0.8551049380190818
0.600925762905689
0.5020974440634518
0.5043195778173981
1.8704531284237476
1.0960795743857545
0.5600384234575984
0.5538638132937592
0.6379673968553448
1.0271911501238549
1.0643711115786232
1.598324681007739
0.7058334777015318
0.7140861952103705
0.6354818631314174
0.5956612011790696
2.784711219244855
2.0905861628058915
0.9295275816195101
0.8593627133513166
0.5609924416491481
0.9355181477072847
0.5719318512461768
1.3986865101521175
0.9590716371885719
1.0495684915416064
0.7265806163235311
0.7197327606635326
0.8728210759296644
1.2000268262654004
0.6036283959991806
1.293495320186878
0.5759635694023473
0.6371210899284847
0.7935940954720309
0.8989918359951616
0.5626403351477052
0.7741821566665408
0.8166436907352477
0.8437619181719924
0.7205167604288931
0.6586646942233187
1.1801294774090252
0.7656942092675649
1.0086648215610694
2.819461526210546
0.6331457067411748
0.5026452305371549
0.636063028654803
1.6468592106454025
2.10115709250681
1.0900451723234141
1.290991158197187
2.2556038328648924
0.5950192134334316
0.5855856702895608
1.067040915484256
0.5610877240674768
0.6309817864632237
1.0887426080714704
0.5900088960389098
0.6073074074120086
0.6059308416114959
0.6785668680346362
0.5483723250765706
1.1588635145438388
1.0104951639149817
0.6717997098112392
0.7215870133733802
0.7253258510702381
0.5566048683159011
0.714132502184043
0.74901910376974
0.623085338295823
0.894528606128631
0.8265622868362925
0.6142248191789008
0.5968343935039684
0.5158645912101179
0.5049279229686476
1.9933874909932001
0.8081979479886741
2.2694328306332068
0.8781372062781543
0.7798284745974229
0.604422588019986
0.7232976309236392
1.0916237099673367
1.165873502109207
0.6625443073719453
0.6278303141100992
0.5790914585532505
0.7048158872321437
0.5905128029708067
1.44434697138297
2.268932976730241
0.905808585618388
0.9059177555383258
0.9660463389659526
0.9031589461548037
1.0077263860941912
0.6426325779600006
0.5871054253773877
1.0057311461458767
0.5402891784881376