0.5791479971762051
0.9552856341522014
0.6735962365406056
0.6042773221928952
0.6373652108900778
0.7405196862084775
0.5052172302481654
1.1075707782983883
1.5157689390265467
0.6026432015112597
0.6275953185610099
0.8682648442189382
0.9947658071902126
3.006225153665927
1.3019642534118674
0.7926943061193867
1.2124410453161332
0.6860439925855388
1.6444994106265511
0.8039657712266504
0.7499402425974822
0.6907186937102381
1.0082263437810894
0.7172213722487086
2.1109371184880388
0.9172192933707635
0.7951965598660564
1.208332746630262
0.5121461985384457
0.9341680360961391
0.6077921547543639
0.650663832138136
0.5737028868447425
0.8244940593102115
0.6863458228815631
0.9326493926655957
0.6712233320631924
0.5302194914160054
0.5879344891117597
0.6075168739973407
1.2249199289506834
1.150038220781255
0.5511370516877179
0.5681764595546497
2.0687239590068742
0.8368795582855171
1.0866796965707977
0.8244721386651577
0.9078816053118999
3.49769976718909
0.6947542582839219
0.9483079706733974
1.2436263343934684
4.6093348295160865
0.8185234293321741
0.5168450067273511
0.915808728820366
0.5216535595108382
0.909053365142853
0.5536444026169249
0.8056213579908444
1.4372600599157863
0.6526779638094524
0.5565003704973037
0.78388731021289
0.5284833066486385
0.7433686411918075
1.4223172066096197
0.5339076667814879
0.5159373962657696
0.7284263904589636
0.6078390167197654
0.5134974444057718
1.0849596272468602
0.8299526503402603
0.8371628826888013
1.637341403341253
0.6550445561732658
0.8423042643157999
1.5209389062122227
3.7002654375035604
0.7715275702619522
0.6797128293963226
1.9031841375359022
1.566833622733725
0.6607171089754615
1.1100755070229127
1.1728951335965405
0.9582129145967428
0.5594241624477547
0.5788869875388798
0.587942669092115
0.8482803663586083
1.1582563879210284
1.1701275684791312
0.9116725297384392
1.2231070705255433
0.652682143658808
0.7474927744207207
0.5289097231492406
0.7690364206864047
0.5758353325371672
0.7995359561591044
0.7442058135659977
0.5114277645132006
0.7476957828264972
1.3647537874911109
0.8660549489301275
0.5664816696686898
1.1056109921902362
1.5081693850640363
1.0407552083201494
0.6854746834463867
0.5688998620134385
1.3877700895960174
0.5731120333876447
0.5707045219130009
0.5575434415486029
0.7963409434202049
1.1869399035709876
1.5991102431962076
0.5189055147553177
0.5688032062381012
1.088457329806431
0.5353516426661713
1.0313616998273005
0.644126666451541
0.872333542662318
1.452534238996975
1.100957793147245
1.0334449650148372
0.522231522028278
0.5483961148789263
0.614400952038693
0.8743298315532684