1.996270520838889
0.5478215334735297
0.5843014463712501
1.7399216605116754
0.6297504583802045
0.64899816074748
3.1143413480951434
2.1235038271948135
0.8011761371307244
0.7752103849539012
0.6355428543520247
0.9259352836117785
0.6814556444049273
1.1968690656996586
1.391147143387613
0.5789115252708541
1.1160404190226316
0.7641495619893064
0.8380695413597579
0.5174545738104825
0.7741944886009691
0.6579127977225667
0.5197089771568173
0.7775127658848717
0.5675296617290044
0.7123212918283102
1.0934044218165866
0.6026566864205165
1.0637920041443039
0.6736543737941503
1.5548236512501035
3.4411509432158596
0.9077243778245645
0.6155347934835902
0.7633109837127421
1.1153846462758423
1.1875398667373247
0.5251750179285608
0.5172474082572336
0.5435193155256428
1.010638488089441
0.6433978953450605
0.8318906605375957
1.4093976707106037
0.504127223872743
2.2463239570112705
1.060618804618528
1.0013993939563335
0.809427310362338
0.5549392598238114
0.6497658030523894
1.085957609002108
0.6513335547788301
0.9606463885621395
0.592454363380142
1.588230963436473
0.5538643070294142
0.6745625931409336
0.6082762148317045
0.8250923542946111
1.2828681897710794
1.0069201160868033
1.2536954706538381
0.7599854493194869
0.6929462593300855
0.5675671027056808
0.5941330270811136
0.7383767479125538
0.5351106011793263
0.6707052152638084
0.8159217689899663
0.5485225454777947
1.3408424634151572
0.6029295371647265
0.8777514864331124
0.9160625164719249
2.0433672235114386
0.7069479792997413
0.8305502221772656
1.1045586079903273
0.8633509307148302
1.176425989252749
0.5120887543563128
0.7485068509911059
0.7367964264203124
0.5411245364868194
0.6003566153023598
0.6195606945521774
1.6316456410183946
2.063923785590873
0.5789359053763974
0.57184630769666
1.7845301730119445
1.672543169474352
1.6254009022191838
0.5561576458898969
0.6292500011765014
1.5161490322843463
0.8973570590509325
0.5940735929428342
2.265312551349723
0.6452023970704772
1.1752348849453824
0.8056757336320857
0.7272025043125723
3.1213888227420057
0.832801018018074
1.6740348413105721
0.5536538045237194
1.0446779596217084
0.6600860715358294
1.2330437815128903
1.1763387722548941
1.3443231972668173
0.5033796914369759
0.8167159528518937
0.5146597298033839
0.9345178977642377
0.6602661492879065
1.1441796035271068
1.2397529736601882
0.665622045696523
0.8829372032009246
0.6549874794798143
1.2212369473998024
1.106636998593558
0.8671901988004151
0.5489567757859959
0.6159609522783285
0.6965263279053602
1.7768518432030191
0.9946694267613907
0.8558598342046935
0.5748799244476572
0.7385441833256436
0.8730142725930818
0.5616290514856814
0.7627551672384811
1.062629763546056
0.6898597795617434
1.2481966108488791
0.706839754934208
0.7914515114405276
0.5950759926877822
0.511704196422329
1.4147275393139012
0.5303679753461665
1.038641281271964
0.5490904662316893
0.6450819090270556
1.01082807035192
0.7429711931952738
1.9499536448695949
1.2096787529818585
0.9581530980893262
0.5323022312685453
0.6072960479593803
0.7798158815391503
0.7013703003772775
0.7319101800095495
0.5513582584688947
0.9370168012401336
1.5095848123444284
0.5932674056955989
0.8517773851322659
0.6776903394974738
2.153670338926986
1.0167617813511924
0.7680973803904294
0.6349397602475051
0.9201521610307282
0.5459260526041021
0.6894179417141117
0.978136801418259
0.597641522048832
0.5401805884239934
0.5033544785721347
0.6174464990461956
1.3677642861698018
2.3254461533650783