0.8638544332731433
0.5191928936060894
0.80793160003092
0.7766638861703061
0.5209766169707972
0.8234146813654029
2.3685536918581196
0.8920922421576165
0.8344907264157939
1.0285726093010155
0.5223682756546282
1.7437102270223832
0.9494507436332285
0.8542691415425594
0.9544967627898018
0.593153700126841
1.0887940647336407
0.5347238765513964
0.5856215514641718
0.6622030850445597
0.8227918128078855
0.8406242641479693
0.5116921439725104
1.234514888608679
1.3848842715137692
1.1102372657506479
1.6840755911760041
0.6931960224624731
1.0969992585910973
1.549903105642855
1.0840306285698489
0.6055254018747576
0.7365675006158909
0.5833149974612439
1.8831579686656283
2.297516858192111
0.7804370461546029
1.092552022243126
0.6896519841058364
0.9852351532448438
0.5307833863452771
0.9804494711784457
0.5274172002098538
0.8045176852779008
0.5248923960344456
0.5801741991163141
1.5389004886067141
0.7689129845752234
0.6778262974609106
1.0599510304929254
0.5009879623385132
0.6031721048720442
1.4473829092360404
0.7127355174759487
0.6898959721465019
0.6527346469980557
0.5234573381659402
0.7113424549164336
1.0428664420729206
3.2618175231528994
1.525838972375567
1.4585284237718952
0.6556180189647023
0.6570327159133171
0.8826819868309599
0.5486904380698263
0.8131129514161444
1.0870158705993447
1.4909344163333174
0.5681846553816854
1.043003322441308
1.115326120662445
0.7729990896995957
0.5280725232763928
0.7786492770908922
0.9545881628479549
1.080847724818966
1.1654136961991242
0.6653345201574723
0.507653075114689
0.5884692261683426
0.9418799651954544
1.1559520252312723
1.0497614116248428
0.9426479198485254
0.5546527015045228
0.8232727031283957
0.5984595005203914
0.5168642803787975
0.5730126474760766
1.8115880007248109
0.6181232584623615
0.9999162016709988
1.0126465930304676
0.6560708107680284
1.133691742800579
0.6370340839951041
1.6464857714365166
1.3691314840117457
3.498461294263052
0.6418650119937865
0.5387019035158005
0.6408962143325994
0.9756058288352847
0.6687374044891499
0.9218656995797687
0.7528150296669196
0.6587958621760777
1.174584939018132
0.6416728250106303
0.7572083695854985
0.9795671169219418
1.3517126918833355
0.6614715207423387
0.5138456088009207
0.9612141375571923
0.5088809559094898
1.2486785651087189
0.6838631314259374
0.7534078862647107