0.8212790283009749
1.4292220453335194
0.5485143843368476
2.0739775226559765
0.9969893651590489
1.3553886897893221
0.5087632429971904
0.5298641862921869
2.281524815081532
0.6137965154353964
1.7674133307678446
0.7663543308461556
0.6848602092090204
0.5151230910159654
1.629270187569844
1.8836470604341429
0.5453516356904942
0.7113489888149189
0.5650781181449247
0.6137704278634715
0.636677913100641
1.4561566969627648
0.558256698085728
1.0415230549073158
0.8784165939968034
0.5542317209570058
0.7320023094985117
0.7059067215543564
1.3580380717594664
0.568723714482644
0.869623501063927
1.2743839586420336
0.9280001505022426
0.8810179714072603
0.7676578175384918
2.0180992942749185
0.5472136062525976
1.2074865770678969
0.6966613272203688
1.4513789555823848
2.1081681934667245
1.0658907954228312
0.5550324164446181
1.2366888820565123
0.6871766048941481
0.561446766008828
0.9148641297101676
0.997754752541141
4.021851499480761
1.2960032503086154
1.6262428572500767
0.9966482945465032
0.6192602410184236
0.5470623328727129
0.7058066448997806
2.340411322117518
0.6839259453927866
1.529666653110496
0.6522261279138206
1.144565833816955
0.9800483668641959
0.5573255727084643
0.7415942296260596
0.508774648564895
0.7583224571272922
0.5972878989029482
1.8197273162506349
0.9703046709810224
0.872196317345697
1.652323720716197
0.7655037022589113
0.8918731993551887
1.107560419544427
0.8654434818180334
1.1903069763100689
0.5136950957759154
1.4243716255780896
0.7374033234540889
0.6897540382417446
0.6131823313638733
1.183462056454914
0.6629171977699002
1.8191381203133687
0.766749034320469
1.0662268186505344
1.1505336416153114
0.9871651837743229
1.4368282733649949
0.5475205595390662
0.739285075857083
1.6661049938842325
1.3394708812973022
0.7769044124173661
3.1246073754471126
0.712320963302659
0.5009851919510311
0.607562047435863
0.6600186000397343
0.7305160572331033
0.5323631774824662
0.9526131261923183
1.3711985036248961
0.5708329209974181
0.7129869904417774
1.1571588625480445
0.6371631945637546
0.7648834820071215
0.9194531988016479
1.0137068693858282
0.6465907173966343
0.7579734612324955
0.5240213378921226
0.7334618924355709
2.2741563854687
0.8482608548737289
0.763079136483384
0.6904014648356451
1.5345667596858448
0.6286308147620048
0.7618875401674359
1.054061841910766
1.1320965971956412
1.250896814861676
0.9991866335370787
0.8174779594284018
1.1077719129035586
1.0603975933325955
1.7424037327382393
0.7921173669396921
1.0559824670169746
0.5071242353706111
0.629398542062404
0.5582663154415286
1.0082690461175616
0.7333851230733899
0.6188125508938356
0.5697366384904399
1.013245131837948
0.6280370180761565
2.9066703193053627
0.8724151969430523
0.6054426838375093
0.5848041498250041
0.5633020235735557
0.6757245189793366
0.617267005464555
0.5142314353629445
0.5216954985324946
1.3224629194379531
1.0036329137991515