0.5298119778747153
1.5810251278263108
0.7359127025308334
0.7278023123689108
0.7448327296448163
1.7211835687192387
0.7377941237701666
1.508490910637363
0.7392680224804913
0.7389596816122435
0.9107693969944819
1.0486911034815094
2.0948553359120936
0.513114082185794
0.7421653915986539
1.0320540027290335
2.1966399021593688
0.5085875886742528
1.412996840571921
0.5511810084386326
1.0913477659845512
0.5134209288234572
0.6619253545615322
0.5808828820777023
1.8165242231731824
0.9286763977731383
0.6196631670969879
1.9489020628357139
1.9635586152502071
0.8078796399388892
0.7395697540139139
3.0260766809285826
0.9352473191930954
0.5502103688990729
1.297705101947173
0.6810344585813795
1.3120527799561899
0.7339611366019625
0.6651061494040817
0.7993376232337255
0.6406407407807961
0.5288331785768605
1.9196448711802958
1.6608195479878844
1.6213979950833561
0.6739243122890031
0.5156554428215543
1.2088108984660408
0.6036667052425031
1.7379378430498775
0.5269854316030091
0.661850727077109
1.3692350413719794
1.2126555331298619
0.6014418856995292
0.8132674913220796
0.8535050014360479
0.7458980851423576
0.5636315665277323
1.4423458828705407
0.6335066238298452
0.8786961431007967
0.7483346472261019
0.9571660129285533
0.6243596833109848
1.6738116426214447
0.5038303858447932
0.8506019532748894
0.7291282802825378
1.0433384474848424
0.9100814265732993
0.7792888269926266
0.9484572000374101
0.8083982770553462
0.6330013824261584
2.081735985534465
2.37606195441262
0.780259555068028
0.7003043940189855
0.5999840754030572
0.5418418952464776
0.5098694384507212
0.6724469333977368
0.6933772556413089
0.8212738844328271
0.5928222287019196
0.7074143524735348
0.9066445585393978
3.0509186394030223
0.8675422274613709
0.5676791121321685
0.6458524219325454
0.5257086262535609
2.8314149182460824
0.6480015013964646
0.6494343977603023
1.347211017724419
0.500537686864277
0.6983321008236203
1.6345335369156828
0.843387919781776
0.8372903583413631
0.5211764860712265
0.976935446069092
0.529894702041247
0.9757763648561308
0.50711252130003
0.5943016647569266
0.5921045156173932
1.2429742907543755
0.6675441644774196
0.5519936614682024
0.9618215533453736
0.6669631570316596
1.092387772391362
1.3384761672873537
0.8058222183976795
0.5177927963388811
0.7867039396724067
0.6006731410556654
0.7710844474165697
0.6317450108425646
0.6214438643982589
0.6933980884959965
0.5470842311995057
0.8137826510465516
0.6770656373014958
0.6418860726183766
1.4209721431391245
2.617743143786754
0.537254018672229
1.0936801983173154
1.7563408942739898
0.7754570815133661
0.5500186287438282
0.8317484162638493
0.6740017914667078
0.9634278381502099
0.6279303987361118
1.1178443891585061
1.1635788395099667
0.9694062601107021
0.6036477051935663
0.7501032472844713
0.5753301892444824
1.0696408980953152
0.8004995735780085
0.5793153125608228
0.6137563198933549
0.9099276865074444
0.8846847170165688
1.5042400283638813
0.6265690658622134
0.6993292389636281
0.9490249078880879
0.5989923770179644
0.6967990647121951
0.5058534807682236
1.0643594025113998
2.879454889197575
1.6332734321387647
1.0099890545622543
0.5288570948468987
1.028056970705677
0.6254452515274238
0.6997147145131635
0.9172096431987597
1.0398437016390858
0.6712393653658069
0.7289657653231529
0.5086209598924825
0.6986101415614598
3.7374841028156425
1.870603985158482
1.8767577943713718
0.8281558800266566
0.5280667890636437
0.6193404232898843
1.4952421267834666
0.9586690193286813
0.5628720104087961
0.6789785448111729
1.3198938051440336
0.5094182940045471
0.5553517040314091
0.6256951930005243
0.6516037801365542
0.560663151189317
0.6144969208453972