1.4110749220198753
0.5114587411164426
0.5635749690049794
0.7200110048744515
0.7897699565766416
0.5183113143321734
0.6466117052469613
1.391843045626441
0.5572109481535961
0.6616352470464903
0.5783513023187723
1.1772751929632292
0.5626293162037683
1.5931441781858169
0.5903955155050511
0.8008794718203163
1.1429992715056443
0.989626033456787
0.8996365388706877
0.6128894669858838
1.4184187155110592
1.9928976466117234
1.517727073401808
0.9564080232476115
1.2319773187025902
0.8993817541479956
0.7603769494285899
0.6033304020448043
0.6529224151170752
0.548825491135986
1.0161265460742896
0.8466137848993895
0.8162130919296686
0.5462759671562765
0.6286846412081672
1.1978843200091518
0.5345383889542035
0.7957888765976833
0.521391182766962
1.1434072116807954
0.6615207303268988
1.9976146577546956
1.8733864265265652
1.0686055495504405
0.9302130872866741
1.1166150399228059
2.248103571403078
1.1430261394566799
1.0962366512373762
0.7206030859336181
0.5405209350022631
0.6299961421391913
0.539590840081587
0.7256557243155157
0.6520414369836374
0.5225011604030385
1.2184242248010548
0.9422884142594512
0.549828051755469
0.5457195797554562
1.1918623388916956
0.8702100321771127
0.813616809419841
2.766382268070231
0.7706421323557038
0.5918185856089337
1.4163887440715541
0.702350849733989
0.5610833668741577
1.0913371021422051
1.054712452584937
0.6749526201377307
0.5232398287938622
0.6534328783608316
0.9518699771969921
1.181497405274257
0.6684941212268143
0.5456540558602399
0.7375289406539878
0.5268425972626289
0.512638853655119
0.5933940730877225
1.0330959209500747
1.0490928258743963
1.3192034302421405
2.9496595417867013
1.420235055621049
0.5133118033961921
0.9272149381172028
0.6838781987182756
0.802093238797994
0.5040082628174218
0.9254008009815209
0.9745377232524675
0.9953754119766813
0.5531881606673892
0.5466758574992809
1.4625139298760246
0.8771390312707013
1.7569454985494417
0.9078348533505505
0.950526661276399
0.5558680895565544
0.7414601312331115
0.6206617430398751
1.636060473628845
0.5136330430400449
0.5397242453360036
1.3981078950294545
1.668802917789435
0.5756781245175944
1.3453273187027435
0.724506798632035
1.251673896905686
0.7161399835364932
1.610272970553467
0.842299959385798
0.7387544411510021
0.7363931669210046
0.7539896149759215
2.4175118355670975
0.5092110435970767
0.5726961254558773
0.6875772775691757
0.6901778430632817
0.7381188539562231
0.6945705380360891
0.6580063883551475
1.2198503639860405
1.2363830256823576
0.9042024018169172
1.2523091138156701
0.8920653850106532
0.7079665542286193
0.5533544568581306