0.7364313287438313
0.5703045164609484
0.5605458721672507
1.7599740057956517
0.6604259243834587
0.5245971246563812
1.2145974075833177
0.7286948845423531
0.7851323851428873
1.0385342050338267
0.5048320933002621
0.6692009211564489
1.044940091348586
0.5604977965069367
0.578618984737794
0.6862029423254583
0.8107215844644031
0.621569801897536
1.1854198050854663
0.5231972817986517
0.8498862332340522
0.807915453792674
0.6519296091171896
3.7215154096765417
1.9650624167831623
0.6979835791646707
0.5893791738568126
2.2219950512166093
0.5922241789514686
0.5315619142361925
0.635396088813394
0.5718361480851257
0.5794359323933378
0.5199106188609619
0.6648840167050594
1.5898340559641468
1.0341458581523995
1.2779409381766413
0.6224388565077987
0.5151247733623165
1.0942156812053554
0.7094401194212026
0.9014528927909993
1.3338525152708627
0.6856445478650812
1.7187382422218178
1.073948329804594
0.5913970495666376
0.5194666779210024
2.1188975539467947
0.8245101915245527
0.9715163598532968
1.3033472847162955
1.2849214387671566
1.3953696510997702
0.6537841031891674
0.9869573614866738
0.5397504174325718
1.3426870005405647
0.7146621686027572
0.6587371706677061
1.2171062918570215
1.194206206403038
0.6679056467195323
0.7129615636413575
0.645204931082759
1.0321602609929528
1.0393058042711232
0.7444719775944009
0.758810890573443
2.739005850472523
2.678677746924194
0.9329825158264384
1.0661517207107636
0.5371640297204578
0.6282506898228348
1.6981628603072352
0.8229777115701609
2.6395828037670412
1.5777115698815862
0.6010120526328535
1.2308517507762247
0.5787966933315261
2.180586493852843
0.5953498894172071
0.8062199219722856
1.3277431854918404
0.8988106977382984
0.6041486817024122
1.211425246689032
2.750740785585947
0.9911163530578619
0.8374123225829635
0.7125515208846309
1.1228793802811197
0.5707461788658179
0.6491385035360508
1.260936031880533
0.7422966793823775
0.985123808988078
0.7731098549549529
0.6741688767954201
1.2607732439931283
0.6152611691931043
0.9345352623251983
0.757205647381511
0.6006923572796836
0.6820612223960438
1.1101968671952704
0.8209006004631192
0.991426560460468
0.5686265931946082
1.2838299005316003
1.0327377701377145
0.6056703797120235
0.5699005485614634
0.6449174136743636
0.7917049719512761
0.9327972533957904
0.7867942681079398
1.203301519777881
0.7826055758850998
0.5561349445892461
0.81898076284034
0.6437957584905689
1.4002092017444738
0.6024983498552388
0.647161353471347
0.6157065488084186
0.6262358335864633
0.5820405174535495
1.1488011435645262
0.6521537546914828
0.7968962150202401
0.580092508476298