0.6527192669428693
1.0004614245072179
0.6733838498299516
0.8284905097663682
0.7086046268817565
0.7662648426170531
1.5905072699965377
0.9154486827906858
0.6134375134238148
0.70182671446603
1.140231079329066
1.0518066134747528
0.6298914764272645
0.5952002900866091
1.3870922387988287
0.7331525399292573
0.7147231191808743
1.2625419562809057
0.6713112833899046
1.4040767916763315
0.569303034101857
0.5656912693482781
1.240061897584063
0.6155416454471805
1.639340734385513
0.6231067924178362
0.5654534130549393
1.3888680352127096
0.6296745903421197
0.6265838351961435
0.7633996063587603
1.0027117934804153
0.6251754831780545
0.7018322476744885
1.3772895580384983
1.0662725498090282
0.5230547217917518
0.5837254928662361
0.9698382005019965
1.309382416393774
0.5416745721521323
0.7105056651736419
0.7326170300664501
1.6596479750276671
0.9247189609615845
1.325536012352572
3.7960182129842934
1.1414163373945598
1.371790977183224
0.6483230746865729
0.5569971679224466
1.9102217000973098
1.2235217614543217
1.4963749365763306
0.8868367428892725
0.6807337178597948
0.9482931993132127
0.8584027033263624
1.2922678208021807
0.5444758692364644
2.168191330817365
0.5267143293009156
1.3127037266715718
1.2533001179209577
1.0571444736988838
1.4816285818649249
0.5713422661901575
0.5384224663571047
0.7370070102487318
1.0495414971249488
0.9111077972159762
2.0325711532005926
1.1151452704875737
0.9120514564835673
0.5969524525249028
0.8882658715150455
0.6552442724863567
0.5001835060085114
1.5319967710410936
0.798461203165715
0.849844507621782
0.7215612101591944
1.0259945476675227
2.0471790546703232
0.5284327583846391
0.840528565276486
1.0650998144081143
1.5049809404374628
0.5202938982273508
1.4476186255516552
1.1727533202289067
0.6168241354029078
1.067361459882477
1.9403622079965999
0.776155883901879
0.5323995278716893
0.5715658202522036
0.8725271598761992
1.1668134461792192
0.938241077968712
2.008940717240364
0.7448718919984003
0.5864858984666625
0.8539370521148726
1.3795534297215681
0.9127457210354919
0.5383133095719472
0.5227902453751199
1.085754914539507
1.4926628931646633
0.8054172899380774
0.7959396029579011
1.4984407597532936
1.209183379795661
0.5598528044765203
0.7305881439405653
0.6682357390930065
0.5004730926100933
1.0045092315588136
0.6153463404203876
0.8103479749740359
0.5939174767300415
0.6800219184266325
0.7656390156893167
1.6003736368413115
2.496461622146171
0.7689201321736618
0.6923985050180477
0.5141554846297254
0.8651250888599975
0.9345305603148972
1.3453750041525154
0.9854964187710493
0.5523670870101682
1.1717240370131208
0.5591108457118708
0.5235425045951274
0.5669751352754133
0.7265135569851395
0.574153299855368
0.8335925167160099
1.1652158173708358
0.5311515977079466
0.8939646281558566
0.5261572117145192
0.825546704591261
0.6834653841635827
1.0990861968259082
2.3415043373187814
1.963303303353598
0.7636230245375941
0.5611647779751365
0.7321355945928758
0.9900564428549501
1.0507971596717312
1.288502589933671
0.5690016703284186
1.1562334565191463
1.6336020547669818
0.8901091567076378
0.6307487220502708
1.053482279172556
0.5789788736107084
0.9436944019311113
1.0263540482293365
0.9702011336673309
1.2445760311904905
0.9436871942816083
0.8047023936841242
0.8009074067110191
0.6663986668132225
0.5605067919996713
1.5918012131361934
0.9802661802178818
0.8779100766843726
0.5865777534636436
0.5864742402553134
1.0340788258610587
1.9807099411503373
0.7992350910582218
0.7411602679863449
0.5236555458601515
0.6449890904283961
0.6891106931908553
1.4030651170214696
3.469304109298605
0.8293562900271354
1.1160662598258568
0.9391721878695307
0.5082791133999081
0.520580292710406
1.096885880943546
0.5607565407156017
0.8888546964888064
1.382338420745441