1.1957928296217808
0.7390456733126869
1.1878595093408002
0.5518373034103377
0.8946333467707692
0.5105690071747002
0.8213008259846841
0.7291199082797561
1.4721231234194825
0.9251599118454195
0.8067795768767532
1.0124696191192228
1.1220439770834787
0.6437203816018027
0.7542237549936814
0.6634534305058821
0.6211090425335897
0.6938766899788149
0.6312049277081471
0.7719804846796166
1.3461173779027007
3.1737985343485917
0.9583425370940191
0.7462274384868195
1.4668927532936138
0.8988460131519247
0.72864583393347
1.0418290589709613
0.6008526521515307
0.8594927409555311
0.7897474172429639
1.1789580351770041
1.394672128906663
0.6057079657619937
1.2940950633501132
1.2710560503417128
0.5075532567524164
0.5256671766663317
0.5322537746243938
0.5739334058948913
0.89089569112204
1.1899523104795122
1.4154404065778436
0.8359872924436331
0.9432844864260801
0.5067186243839643
1.0425901902114845
0.6958797489775179
0.8632437290927157
0.8679336750830373
0.5789955948702641
0.718667980284863
0.5207803007531595
0.5396630699704019
0.5869939021966104
0.6363511668999138
1.5714368425097405
0.8786887728946056
0.5623483465293759
1.5679137654607587
0.9736090539348083
0.6945665952635522
0.5090685332943394
1.5953247536171489
1.0375747463471896
0.7534818250758804
0.5012434469611833
1.100148059511156
0.8454401190338956
0.7435584010219998
0.5435564412648262
0.7983510300442163
0.75337795920845
0.7078458087561614
2.3479074828472335
0.5225986690684863
0.9609514824106782
0.970741489189237
0.9335136334121046
1.0696039543881284
1.4826823274368621
0.6538058384230965
0.958046026057275
0.6202058183320105
0.7507021641702067
0.6950057870233195
1.3765980745117758
1.5182705510858625
1.1112949900391413
1.6664243709086577
0.5120113078239967
1.9666033109722605
0.895250452426751
0.7792242532177056
0.6412322191260955
1.3450012793715018
2.8468458379159642
1.9253032166187722
0.5608293588882702
0.7617892968183924
0.7709307427281828
0.5083096557943918
0.9018953098984639
0.5139955031673935
1.1453402688822507
0.7944898190177128
1.3903004449255718
1.2859950029668425
0.5340390807754716
0.7940368713362886
0.5921087983517168
0.782762003087953
0.7942840415012142
0.6438841394198107
0.6779369916346241
0.5050348826018762
0.5249134888680942
0.8156079776454135
0.8179348019439772
1.1161058145045217