0.7522493959787179
0.8020325606103622
0.6215941344023861
0.7052102212072846
0.7469720016784187
0.5129578657167926
0.8889705367327423
0.7034053250506176
0.6118278522794114
0.8179831894491798
1.9810067959486375
1.8897583954074975
0.8978161727881115
0.5937740599240584
2.473512000960085
1.913136807174567
0.9043814173265474
0.779701927200037
0.5361008010014245
0.7372352909117552
0.5845949165306763
0.8707957535011417
2.157731347159057
0.740834596043868
0.5116524053735816
1.4822763076805359
0.7240663496672255
0.5995116593384751
1.1069421024672863
1.854139040743803
1.0724194394765902
1.2077000693419677
0.5928309142563535
1.7571206602696918
1.450114825603407
0.6153064042716778
0.8610309972555967
0.658483648690833
0.9888604796348375
0.561620453265931
0.8485058977989297
1.5062399757277376
2.661504961642862
0.6385927148955943
0.7695664296089149
0.8339646222852934
0.5311830695000594
0.6383003010474226
1.051152703775358
0.6300858903587709
1.0510334627916222
0.8421297403493782
0.8949843262471404
3.055479591180358
0.5266315076609658
1.0025668274726058
1.4378266124778634
1.0462263215595158
1.501417319354971
0.6516590338109154
1.6140827866537961
0.7010723675290933
2.3561326824125217
0.6407907807573565
0.6041015504146117
0.5540228804932212
0.5340812685116134
1.091260191678316
0.8811854250093347
0.5405830844173352
0.8711551562854538
1.414638620656092
0.5053170579184325
0.8057977821876534
0.9406579437196569
2.3323562900539514
1.6275534437781403
0.7293677916490537
0.627159795456862
0.779690021887518
1.5299164166590913
0.6042807168332729
0.7089468358548743
1.3115560247892972
0.7371045942004457
0.9980244277476231
1.215749848514406
0.7797810889014727
0.6250392031673755
0.5522937841501516
0.7416062478415597
0.7730497595807719
0.5997691290297098
0.5072477357931575
1.495574090526702
0.8049704022657806
1.8827050022658796
1.0656128231909179
0.5911170781452029
0.5340632862897792
0.5770246566504511
0.5360127227420435
0.7579811090814701
0.5304808686421438
1.1746858802999895
0.5293310810017147
0.988545488176328
0.5709873706771305
1.2197477063183442
0.7150007732512904
1.6768543357131875
1.239912577765267
0.6477344638632303
1.2594607723800664
0.5047188038722652
0.542160235058077
1.5209830517621867
0.6655189205520173
0.772897343526779
0.780750089354683
0.5563433590426712
0.5795613084710567
1.0967785772747902
0.5274317810459479
1.1557761937114037
1.7023166742495732
0.6942320814406457
1.1732784936677945
0.7406379099522837
1.8672407312900532
1.5577868067883855
0.5838320289453804
0.5299402505155513
0.6373011988513326
0.8134123326932468
1.3756336956330415
0.6289772030519316
1.0262046453955236
1.0234070779146123
0.8119866275358163
0.6723120655369712
0.5597115813228584
0.6737708904362307
1.526794749587225
0.8108387119347071
0.7375361835253216
0.7271029166736298
0.7375457832112033
0.7738881040703518
1.7174750444776237