0.5009235497293345
0.9225939663969234
0.5742379318653308
1.2712236122056577
0.6452773439215633
0.8067850210890661
0.8459278821909955
1.4231434289951892
0.5497879953578213
0.662299269897435
0.6242086689987403
1.878274493070947
0.5830380577130256
1.4964303916567445
0.8335106397192149
1.2739020987163912
0.5379065570442592
0.6334256715578732
0.5815789725778586
0.872542564393882
0.611256337726843
1.729223711406732
1.0779999805646199
0.555648876398692
1.4251650740698096
1.0631095784121953
0.5262577890454452
0.7720731167535462
0.7666591695457612
0.9829227944554901
0.8426177681598688
0.5633075988497467
0.9063558266869904
2.1124644499704885
0.7347602673735594
0.876290819424483
1.1306262359083519
0.8529415402242506
0.6470091432115339
0.7117383569133011
1.295139549047036
1.0843481925112428
0.9453000815750414
1.178897060973199
0.6784082267438976
0.7745112101460165
0.8651598093283042
0.8291044586349585
3.652170936067222
0.7869180264012527
1.1337418047629626
0.639540149468246
1.448020218755289
1.0198380766977664
0.5097220271011622
2.1272387777408994
0.5473419938393818
0.7595758434189861
0.58149699356116
0.5554360482307459
0.7644346503612951
0.5251000007693278
1.0317729673467397
0.8886077767176062
1.0038828218365552
0.7841899409911264
0.6842958745559713
0.6555587900860189
0.7921533023316272
1.362858343094274
0.534242966736997
2.338906774541357
0.556343776046873
0.8118485628702103
0.520850131969155
1.254206773752088
0.9678218270092316
0.5498313805925648
0.5502093177378242
0.5603387392874595
0.9162616230465233
0.736211796359953
0.5435371612406925
0.7737112457538728
1.64263294172207
0.7761534406533315
1.331808609670361
0.5625129789713128
0.5638075567791248
1.048551213499195
1.5357581919598715
0.8587792047659946
0.5406423197595132
0.5570404425088782
0.900719762002268
0.5447827145530937
0.7499604380251412
1.8101972487741023
1.5299812650530953
0.6771515409677704
0.545525410247194
1.2471227058227896
0.664995255543829
1.045133987769816
0.7220731134329412
0.6042938278680481
0.5761726437162338
0.7436236877664442
0.7237563339709254
0.6047275283440285
0.5737901086585566
1.277953029640571
0.6017507610145572
0.7059721941104726
1.3276956178711998
0.874340333340001
0.8236838348502147
0.714907810243858
0.5258581709555301
0.8483322282762629
0.6424028401827968
0.7511346892268307
1.4900962452023236
1.4271058794814167
0.5626345583906414
0.6064440769004023
0.6520470118456956
0.5364829489342924
1.5323155164663262
0.6482904026635765
1.485795515915072
1.3589852495214814
1.5933884908008054
0.785818489729138
0.5204104081283276
0.8284243951287067
0.767827523682115
3.773398137392803
0.5097201012393384
0.8669591092712494
1.2414232337025055
0.8650672329416125
0.6227543958824526
0.8983522220811437
0.5688841400053661
0.5950284165255084
1.3686252836023982
0.7104544619163562
2.3546136238015265
3.1913810674503225
1.2377951402168037
0.8934409049170426
1.062784276774039
0.507814981692718
0.65423897445487
0.7829165649547463
0.5880218548209655
2.346462919768385
1.4603539235773155
0.648755418262283
0.7480681393112718
0.5410617627404122
1.3687281630957955
0.5600760403870026
3.8416625132090303
1.7463728022549958
0.8632928047518362
0.8504620078072094
0.7511985836219992
0.521552485823463
0.5417949034339244
2.619335963581193
0.5046743030045491
1.0998654720108334
0.5984375582180519
1.0889042986140112
0.9476474807679551
0.7308687854914524
0.5010565651830348
0.5121769985960327
0.561308791393003
1.0176444046435336
1.7203259388616061
0.9744942506107463
0.5846117259313814
0.5689680747749435
1.701536241642657
1.2660394542958784
0.6694585307805028
0.5155678420774166
2.509461617159218
1.3191315234056447
0.6458970524818142
1.0166232803912862
2.485361097165196
0.5840276107735463
1.2820716636958878
0.68068988967309
1.9586536626128463
1.5510335866975993
0.9232483086562979
0.5817086485261598
0.8899453681243585
0.6540385735024756
0.5580683118183742
0.735853633259012
0.8007803006963741
1.9236568734189632
0.7778841109939094
1.611296062013821
0.8115276071240487
0.9994489148604089
0.8775422636987287
0.9812830789799136
1.3175423213144768
0.9558268474934266