2.577382174027175
0.5365702808952015
2.1494054447223423
0.7640177994559885
0.651976747225941
0.5750195856408293
0.5214597638595073
1.048253822956184
0.652346070782805
1.0353043244583873
0.8662251022078991
0.5903110952534263
0.7423473475879447
0.5301951846295907
0.5119295541895568
0.8771171379729523
1.2180851596325937
0.9917718025116216
0.8344756141843988
1.2040585088178162
0.8090363428473424
0.6822917631975756
1.4013409638473107
2.1654945757002295
1.3488887656692867
0.6646327778144041
1.500260698985329
0.7975936449841612
1.8788609709143032
2.0727823657688873
1.4153109788559703
1.0032974145771902
1.1065708171622504
0.9860551734679888
0.55881608584302
0.6590916225383694
1.0384569783523716
1.2953777712982912
0.8280803012016804
0.5340415725731305
0.7628777690743647
1.8254094277168917
1.1890501786523373
0.6802488775401088
0.6975838713484706
0.5260970870277788
1.3329365650569116
0.5753622700741374
0.8601313775927508
1.0810185111060377
1.3477083178731561
0.7409839186301497
0.7209398231964883
0.5581954869174979
1.3384017892929023
0.5973800296053469
1.1227918205422043
1.6613933794712352
0.7403585189863122
0.9471173348508444
0.5429351948413341
0.6350901291938555
0.7232670500976042
0.5554013407744947
0.5102844448496455
1.668772804610029
0.7577306050112327
0.5173726226049666
0.6210770551364817
1.3393216395778609
0.8573810082444311
0.531867539420773
0.9970133217425143
2.1846015542999737
0.5185230857860006
1.0824396367960674
0.6311690319679713
0.581782306612638
2.144496222832032
1.147114252888315
0.6710178797456763
0.5202631666277853
0.6159252118160623
0.5038909143349883
1.0191017253407324
1.083138556103421
1.7173246216829057
0.866311063560488
1.6038103842937517
0.5224504126406373
0.5177020334340057
1.7855814828474195
0.6903360242459371
0.5316481569914231
0.5956466039250472
1.7147768562722376
0.5435425063450907
1.331030580918764
0.5125731725496507
0.5141234770031815
2.799087148425599
1.5810964475060132
0.6488601291607097
1.120010958231262
0.9042474124123032
0.8848732523817375
1.075184920415893
1.9389900646530691
0.5698131150008976
0.5696443222267362
0.8164680272262785
0.750209779623674
0.9974202722167433
0.6642421112622401
1.0034027115962658
0.8878453273281366
0.8124224142395065
1.9712818996724764
0.7806949116127271
0.6382726062169581
0.7769420811035843
0.6206887307310467
0.8091246620651305
0.6665901142910684
1.1087697474633273
0.609024729149894
0.8885273722548277
0.5563512056534137
0.6883975085618772
0.569554316488734
1.9020097818911381
0.8447896143298976
0.6608906855736905
1.184602751932232
2.101780104314912
1.5393244915781565
0.5567119909787266
0.6364556782405089
0.7864323144037257
0.8417197185162308
1.2127575827439045
0.7503932746890314
1.8211407512019377
0.8847497063491687
0.6490864607854974
0.9868344108527367
0.5950701006255485
0.6773822266368938
0.9325340143728909
2.433676469651175
0.8599728055871765
0.8944471044516149
1.9572647078114187
0.5711194991973798
0.536820037450866
1.1113468638304767
1.0104330700384025
0.6471394903838927
0.6669577063807992
1.6413385494165027
0.7946955938708129
0.9457387074269263
0.976185952005153
0.7358698169294939
1.206730292643499
0.7618125276644037
0.7287316843415965
1.7887801475534388
0.8033362516586635
0.5495124172142596
1.0551684827898384
1.1883728554254844
0.858635850130554
1.2748210727189075
0.5043521158648332
0.5618121827422442
0.7324919610020402
0.7514733876915898
0.7522441775353172
0.9585058771795048
1.3140880800979744
0.5096203415285459
0.6676258766735828
0.642401123419404
1.0852429964871817
1.6695119245616752
0.6297866895176867
0.9732415361630729
0.9887403484342485
0.5892392959365225
3.0884592616821465
1.12347544746126
0.5109600390267133
0.6993685254599313
0.7176034649235135