0.640520320778174
1.9952985290192249
0.6728404244113397
0.8245184088122839
0.6449811210359364
1.0910393438396007
0.5777669343884249
0.6529010182691053
0.9258902570064151
0.9330721505482664
1.3985694991899713
0.6891934729924003
1.373891304948227
0.5155366645492343
0.5555443142132859
0.5837292287499025
0.9325629366601476
0.5455048687191848
1.201143658652093
0.6814103649904837
0.9850988511586181
0.8391707732202036
3.018341181607326
1.0568424757682635
1.2049741581311295
0.9170385772488601
0.8755716994586464
0.5824253217772792
1.1630813009071375
0.5521194959889044
1.0238992618476743
1.4969849021305492
0.5691032951526296
0.5954699170293907
0.5258597967848857
0.6584491929143752
0.7602927122227356
0.7536822429109975
0.5681802524570116
0.8319867277615174
0.7224025333640753
1.1779175383692007
0.6744788543704061
0.5091190548296538
0.5918460871737636
0.6250467401448532
1.4547869587123614
2.441904800985185
0.6077793800382949
0.7549337673963521
0.6834348391592187
0.9825386642592662
1.4837033125722883
0.6360706504979419
1.1383906624218696
1.522266878852804
1.0564320150419633
1.0129472514123279
1.4205036467200216
0.7705375742347655
0.7282005484395881
0.5329565902290483
0.5619941934618282
0.660657168857
1.9223356581598239
0.5146082077149003
0.5318842483524975
1.740495754580536
0.9259359017432871
0.5202530274517301
0.7492709238381963
0.9669994540192022
0.674074722545015
0.8706109639476551
0.6776663119898103
0.6179141077195425
0.7313647815554418
0.784087250271682
1.0140659810342072
1.2894583182542476
1.0735257216346952
0.5541490703606371
0.791484238443303
0.6133684726853801
0.5715599835852458
0.6937472626878503
0.5900777278815497
0.8254790337290103
0.6895391446032875
0.6187020354000481
1.4407164643199906
0.8585874755663099
0.7767504433800241
0.636381830055285
1.041275478336786
2.0338375896722027
0.6499377570046931
0.9495019028868228
1.0945095167927548
0.5703045478978197
1.4568839660443587
1.0905244776924974
0.9481430479954724
0.5490663469234391
2.261366785742837
1.096667412740544
1.0353882829054442
2.7432116688430597
1.0296085458608104
0.9112514577118986
1.7856071762865895
0.6323817120941726
1.4493488880755194
0.5653361418377472
0.822210800490609
1.1750618252054323
0.6270196900210294
0.5486126711012389
0.6980697740997925
0.6159922200463939