0.7735973809278698
1.2909569052503387
0.6267380301070125
0.6007313019803959
0.544935401547475
0.7658893337829884
1.4186715701589296
0.5377525429640713
1.4536650396724369
1.1487924328067969
0.5414232003798354
0.8511476514895193
0.5374974180951924
1.6656461116754642
0.5622801268518387
0.8970263507255183
1.735659891556864
2.0024583508126312
2.517457950022404
0.5094500666366102
1.7416595271721746
0.6423142417735619
1.341459988597535
0.5209317807779144
0.9474540627817163
0.8354186353167421
0.7130769873108989
0.7432406524358441
1.1111750122032475
1.1544289436935173
1.114098937004215
1.7285427964571909
0.8664469231601686
1.3988118447931868
0.7345203066334278
0.9397200582585157
0.6981169801000533
0.5323368715093579
0.561638776400784
0.5893926964076002
1.23150469405563
2.086436402390831
0.7663423323614609
0.5711481866967887
0.9434125143595082
0.6696718736357923
0.8454955984177843
0.5495684907096745
1.5557237073796841
0.6217840599026374
0.564133515000492
0.6752118523908734
0.8374785039027302
0.5842773794120149
0.5072940920903477
0.8642641894225278
0.6129185857401467
0.6188465441639721
1.8037501854914808
2.2125733042316824
1.608315949788647
1.4167937148361034
1.4548020278283502
0.8655841253548147
1.2014949913384783
1.3229526449291313
1.3896654184357828
0.8740401528318387
1.3296147499147537
0.6349360087049547
0.6168635692409907
0.5576164535763439
0.7334135295164117
2.617773242799018
0.7133455979948451
0.8031126042474739
1.6269177891959146
0.8270393615482874
0.957740227697002
0.5040254929674575
0.9827751821114532
0.8114573729513381
0.587694313669175
0.6768591879316261
1.1773201567741012
0.8113455865003516
0.8733805507293653
0.7107788002275015
1.0917080666481809
0.9758435385373332
0.9611733189695428
2.0956770369011792
0.7678861113271864
0.9373692554040645
1.1320692244541988
0.649350119234839
0.9008150528021588
0.8574908603436029
0.7285952012326788
2.1092203713527624
0.6773959583306919
0.6289273734534504
0.5738395436292194
0.5022853368089955
0.5155799132465404
0.819635960888661
0.8825532611289759
0.6962782172033712
1.2144345564273635
0.5928111502342404
0.9544181303062373
0.7727788665130788
0.6863046128125347
0.5120102245373914
0.5068803617853064
0.6667559089168549
0.6801229359633112
1.1017051314976243
1.0203234173649776
0.9163181682797585