1.3060069273605637
0.8845931007068497
0.8207626917812147
0.7817605076198744
0.5515795407797217
0.6270399123209156
0.536767623011885
1.139305622842592
0.9498595210695413
1.0446957262217538
1.4708898222865976
0.7845851125220875
0.7178745816286423
0.721850293127634
0.5119865254335068
0.8531410968263273
0.9236278154804509
1.206594108262415
2.8282013598730913
0.8455775439344109
1.8602933884167925
0.8421652506339541
0.5992756154265919
0.8846277791615833
0.5027491078419075
0.6539297062074567
0.5756414613627641
0.5260957527469259
2.916900964974772
0.5357966620963879
1.298377386468644
1.563796946515538
0.5781015078183174
1.7864292148599503
0.6508628461360217
0.7627836329475599
1.3848043239422623
1.3732365916469291
0.9746143752649203
0.7425352022475806
0.7517349348566995
0.76579819732072
0.5793942976482214
0.7175954006977463
0.6717677361948375
0.5471177297694823
0.5270235403536674
0.9519422972469727
0.5640175988619092
1.080385588791529
1.6026505040985342
0.6628639041501856
1.1470275723074792
0.7328236377341568
0.6239573667691047
0.7098999194914768
1.2072755641289916
0.5572638478961949
1.021615548548084
1.7128069902910283
0.7615753278387274
0.9578027589240321
1.0084297310677641
1.7081085640751326
1.659555486378025
0.7156477584054244
0.9780597083589271
0.8957529182778785
0.9101236817629399
0.6297726926445648
2.3544554036783154
0.5531292850947409
0.6517386894190054
0.6393624747112483
0.5487808230015503
0.58207043675867
0.9024453517290283
1.029000779445255
0.6401953300896253
0.6735594189788685
2.3487835854067214
0.5086869434952064
1.4037954164509472
1.2850358334709995
0.5646206906978364
0.7610041435828521
0.6207077931619835
1.8557387546664472
0.6007938867020357
1.3579144781584205
0.5323539089866358
2.167240449988469
0.6137986621743607
0.744084523283675
0.8228628579329893
1.515817126738682
0.6966075637049585
0.7850731676579699
0.6699466642960488
0.6282758645133981
1.2924810683286978
0.8547759242503048
0.7346746577658791
0.8922183627908566
0.9075728915020704
0.6315908834077959
0.5967756921372143
1.5101654535603757
1.1941501844785307
0.5181650343316733
2.3207929798892337
0.8374450004029654
0.5354327959209968
0.6247466196177811
0.6530057543070598
0.6949110980305022
0.9847761321763642
0.62189513923812
0.8073369091438849
0.8204963502279838