0.6193964338697693
0.7952780662587933
0.554216459925966
0.9644438389762158
0.8355046636359855
1.8894703725126512
0.8473740246163786
0.8368350357585363
0.5279008847362547
0.5247671251934243
0.6025687631212087
0.8451926236354446
0.9631782066130938
2.0476273822794937
1.4502069358271115
0.8311988228638612
0.9295812877961112
0.5886384389037289
0.6967333555990152
1.2275130765668223
0.9161814516207585
0.5774000009408269
0.5789553469543876
0.51788849450719
2.0005033783589
0.9213663698935477
0.7532742802664387
0.5830772033711185
0.8852235822346302
0.6169880893610014
1.033979200300223
0.5555025580476354
0.6136617195146385
0.5943108671898187
1.1615323912426163
1.9103753588380101
1.4103574035056567
0.6303903084707372
1.4059197485809136
0.6603747060243279
0.9878087890427736
1.7800428648250488
0.9925041149813723
0.9791676148662987
0.8150817368052401
3.2003622699919845
0.8872453053433276
0.582190455935347
0.5398892567906728
0.6626864723552046
0.6252462008506825
0.5095093908946637
1.1347065432022134
0.5088106312634295
0.9430720177541332
0.5859875885676615
0.7017277370891577
0.5024623763522698
0.5651366981833519
0.9741878714838208
0.7049882600611568
0.5489287622192194
0.8281641226562897
1.7183353420184062
2.3964074562919393
0.5097829053572127
0.7286586790516196
1.246217640900312
0.5229034819869298
0.540189386710864
0.8543524794805819
0.9189779909676759
0.6286298148064589
3.4185104670072235
1.3842866417486164
0.5265757430399276
0.5120344486454371
1.5921739623752842
1.4394905608500324
0.5987558059744629
0.7967208895054796
1.0499962935830354
0.7851494698850843
0.8849231979457386
0.7153871231229232
0.6345920678930952
1.2874125841919977
1.346489159106568
0.7746841519243617
0.5873367466132322
0.9148009907285086
1.414892388866349
0.7344353735899176
0.7345321706841901
0.8906062072511531
1.0449024947042176
2.01068254296689
0.5855176777794782
0.7375440875187564
0.7196442222398218
0.8292729656110396
0.7177879843934534
0.6907214786344298
1.9851433013235464
0.5826848400909057
0.5690788389885029
0.8199296382362604
0.6547538144299665
0.8098365113669388
1.296759337561582
0.521746352004584
0.8250746570046203
0.8726317026532229
0.5644946800600792
0.8829256748482521
0.7872028887205147
0.7591043247608127
0.915595898173649
1.1788404384060414
0.5977959577539309
0.9586037184806742
2.2968594289011435
0.5987029315965628
1.2561645411234963
1.3602070809931774
0.5141525581475435
2.0201282178284714
1.0403018838248386
1.703659347606333
0.5510393273299883
0.7869962441164944
0.6342300744203158
0.5041876919540869
1.3396635453931367
0.8909275311909823
1.0630713610481735
1.704070223646056
2.081224384722077
0.5038491881076084
0.5655013977927865
0.5767250292406061
0.7955179435298305
0.9004327875576905
0.6923407233459784
0.6531551365043242
0.6531239898805552
0.7908622917457819
0.8788738537625136
1.4269443366000019
1.012366596469974
1.2376053302314745
1.1528123727281354
0.6389345501202115
0.6020448570121744
1.1004495030963994
2.970518942347951
0.8463539518376137
0.5941505663128055
0.7275139834636093
2.398133519442581
0.8222198040513149
0.9175419433289562
0.7417971747180445
0.5625778828153898
0.7793337013271184
1.4296187192943535
0.6090217144568442
0.8329986647380565
1.065246763199866
0.8809334522819654
3.0104170795727896
0.796646831549424
0.5009875522964649
1.797748745937838
0.5685869955731278
0.8697365151612075
0.7406760734265845
1.0557545594353996
1.5370800577117052
0.531769001210364
1.3872735134428922
0.6782534193990841
0.6805500889148561
0.511224938711166
0.844868411442576
0.716482908553985
1.0507146162096888
1.0468001948779602
1.3637333957062765
1.6331578802632976
0.7842727402519358
1.2096279860902541