0.7944724727144289
1.8083319594661313
0.5400638149104946
1.0386850015131852
0.5014030808024241
1.6965052398200147
2.358041463021724
0.7514662646983084
0.5334105765524413
1.1694799824873883
1.0385581052158095
0.650332183899792
0.7852673175005123
0.8790915992568529
1.320478967529425
1.5945948170431805
1.1256652975164698
0.654754975052775
0.8420398440336143
0.5073758447258641
0.840921114219654
1.5163194947103094
0.6420811331944307
0.6561453961778412
1.0740995953335215
0.9872843645926395
0.7950092689857087
0.8659811395545489
0.7268933388873222
0.8699874898454141
1.550039813884311
0.5286571393332622
0.5684432363886458
0.5735499054469955
0.5025949258711648
1.2546538844083983
1.1003779014636734
0.5631035553486754
0.7713108870871253
3.274453970845954
0.5298132836044402
0.5118144044991766
1.7580549222361839
0.5185278753058782
0.7858842513602013
0.5632033677731698
0.5540991402394582
1.1960498775777921
0.8204917832896683
0.8131482942644936
0.7814111475335608
0.7315412507839767
0.5793039049574418
1.5866563720124134
0.5113049435775281
0.8616196710306099
1.1224044209410238
0.7287886665760936
0.5382566474104635
0.6834574913382028
0.5353908718045091
0.5665287967864856
0.6790460368719664
0.7229272597678289
0.5549863516021958
0.7229462521129904
1.7346878292478323
0.7374457618446115
0.5849269156641128
0.5655201896743733
0.9294977658003347
0.9656729317557904
0.7111454710567386
0.5360173146781904
0.7543231567159978
0.5860579240490722
3.038925797162193
0.9216575119755248
1.0590411231171117
0.9346692946961923
0.7683680475580559
0.7417016635859
0.6017061379961888
0.5396773427230812
2.4135494186004394
0.9014332481099814
2.0813816381267998
1.0223543984804735
0.8731836419960644
0.9429101470684884
1.435188237685992
1.0378479028970844
0.7931876234131323
1.5077176343117458
0.5685830213951704
1.000841023632347
0.6118171025983088
0.5546822279255252
1.4245028182423312
0.558078243891373
0.5294020413433032
0.5502191450105443
0.5774913962806636
1.2680280464184648
0.6880569237907253
0.554871296712804
0.8454210980996777
0.7519515698595001
0.6545000068751392
0.7316510089667645
0.6187702788133151
1.6055090002230372
0.5429300502978549
0.6994369796189517
0.6632361101989659
1.060049891206404
0.9342696043922274
0.5353902395793284
1.8161854655299408
1.2331398324830047
0.5699532809943548
0.5081616706535215
1.1993945798895993
1.9100838826826703
1.2613447290675595
0.5224491685301587
1.0965985633058608
0.6141818684509417
0.5648971300560675
0.7887687489561586
0.5452563268606241
1.129752085912628
0.6410452979957313
0.8828429499380377
0.5454154232734822
0.639739255228335
1.525925395704462
0.9113239476807848
0.6368125630071404
0.7079015148883059
0.6637169540879881
0.522165630741199
0.6663796046976813
1.0751654200669236
0.6302060889301515
1.1933727630162139
0.7260426567359559
0.9270866258719934
1.304166123125583
0.6388477273554827
1.1061597166310548
0.6431943291396465
0.6486874384417547
0.8716709514166041
0.7371630039219212
0.5106362047588959
0.5590401008288381
0.7984069491658374
1.4349017029332458
1.0283758706265758
0.6956199296157024
0.6388911957099594
1.2017441530913402
1.50781390977005
1.7656963867162858
0.7157903638536709
1.4327735883551327
1.261087776681336
0.91640351495505
0.7453764792890638
0.6175750604870132
0.6393839240826082
1.513675445756121
1.9785672157298677
1.6754067249462992
0.5044874433830273
2.184987622777385
3.151772741241757
0.9115785680828026
0.655507166973905
0.6086847431702154
1.1159903474013504
1.5130717324591387
0.5912759116654911
0.5067781430980176
3.0379071814671192
2.203676254847437
0.8679551635625558
0.869533083333522
0.6586856153014651
0.8947247789366202
0.5684117704238361
1.1106902774649825
0.6470049519867871
1.2149206945756532