1.0433107553638703
0.5288885787816797
1.0013223191556655
1.274977068830001
0.956467728050459
0.8054272555347328
1.4269329409463438
0.8082765041218813
1.303504029882248
0.7214866609136976
0.5842254240060996
1.4806444787455604
1.0244662983241035
1.9389637084928992
0.6337006932725728
0.7954473655637386
0.5387172510228595
0.9650126387006424
0.5842959472767859
0.6683342972342459
0.6047085279898852
1.1911393674881694
0.8828387092835328
0.6310212764225724
0.6918897937754096
0.5629962134066133
0.5190370329042651
2.350972811553248
1.1013608783289044
0.965126030837439
0.7273427462996125
1.2091901109731822
0.8694511631828306
1.3778397759119372
0.7283537458174578
0.5303605095397614
1.8384303857548616
0.5490917993065096
1.1900811464195584
0.9861232761767837
2.1913926089885365
1.9567230590242417
0.5164190984685462
0.8790708254510378
0.7045053426977859
0.5269090333359543
0.5078121853470634
1.0689371425361003
0.9696438518880939
0.5216129075947151
0.5388488358642007
0.7970792728674496
1.0675771413112614
0.5479426124752251
0.508516007326989
0.5101761442744817
0.6736249654513529
0.7060179139182878
1.518663335574331
0.8124497263774231
0.7894050786607067
0.9253945020010121
1.2100437383924145
0.5524221019785216
0.9430856158487586
0.9837583825225806
0.5304677170298078
0.7184331514573046
2.1175397577390243
1.3585046797588234
0.6544674912343851
1.4463085541671319
0.732605460884912
0.8455239736254896
0.6957534883791539
0.9887572416011494
0.8922687415193593
2.349574816522022
2.453614313786261
0.7211150004098954
1.027025089573101
0.5957152616774124
0.8253418945888313
0.5371024587938393
0.5125897498053575
0.5487602906204927
1.6887177699896654
0.6165317518703262
0.8008838668200724
0.6435229617194125
0.9062969109749304
0.9949976493481643
2.044901872669925
1.7574592201315227
0.8231303614272747
1.2421057892582894
1.5368594445201325
0.5608243830882316
0.573505283832958
0.7436929471757594
2.272750399912809
0.914316024889672
0.685343887610145
0.9676075595761517
0.8685581141441503
0.998586883302039
2.410658199793204
0.5570600187671744
0.5377115109404826
1.7372667948496883
1.0507484683574262
0.6875068216276077
0.5662282866434225
1.240514795203012
0.8653950050526191
0.822796962048244
0.5173470026084033
0.5841532018103521
0.6247191326457937
0.9536719073335576