1.213868828767328
0.6646840529906628
1.032579318576297
1.4252152666785793
1.0469589276972044
0.6405127404931079
0.6763173419193578
1.0329452425757601
0.7392638200910184
0.6397474520665654
0.8181584056662956
0.75748127486073
0.6708644198807292
1.0746633285625435
0.5153600057141006
1.0529391396215644
0.593637391843707
0.5519733693104953
1.9991643987341945
1.6342808064979195
1.323851695264615
0.9852592358781465
1.09792989733279
0.8730589596418241
0.7005286421106405
0.9042345105376626
1.3008720183618863
0.7169658584432739
0.8280254365194679
0.9585866100702276
1.0364890286294894
0.8819880478755806
0.563097367143115
0.8599544227789409
0.6477582958094246
0.9731984172243102
1.5414026134697991
1.2152068505679665
0.5314833937908787
0.7124250681658424
0.5302289252243924
0.8166386069956673
3.2478708968232155
0.6615487726381275
0.6540812489118082
0.5472349586758298
1.3420409111562037
1.1157894932901797
0.7078756683509653
1.0726691919946063
0.6196065045169235
0.8297602964924238
0.8526338634172248
0.8916601713308978
1.7099574661461645
0.6300555582297136
0.7710038401187091
1.6863185173745023
0.7104427840404526
0.808725738281197
0.956122539893471
0.6731053104214766
1.2297711812378225
1.1785391662000393
0.5690855329354179
0.7679500077417458
0.545829671503526
0.9089732715881098
0.8406485081593189
1.3969978077565202
3.630317078798413
0.7873149657255851
0.623063832552333
2.515615105038961
0.8208463345551138
0.5385409604102449
0.6657892649891437
0.7003520711421345
0.6933897277743881
1.143810615434063
0.7220444865378965
0.9648084816760161
3.070417763430669
1.0748811773657394
0.7755265445339319
2.3776984208934095
1.0924804668392767
0.708769786687526
0.6433406958910268
0.5148966671289941
1.040294951601311
2.02304385426379
1.3748010397012536
0.5737433201269369
1.008595168207421
0.8611754630240966
0.986488638149126
0.5243563482932814
1.1102552319295
0.6207761469692628
1.8563495318882133
0.5626172988418716
1.415717241953871
1.4236696760423797
2.188351220891434
0.5639729309096424
0.8746446226417675
1.328274682515712
0.5621121796138482
1.3325922455062482
0.6517608835221154
1.1399339814764176
1.2829296492075173
0.6629655195516193
0.5640172763733062
0.5882777332709566
1.110269412650041
0.8236278556944967
0.7952166978552668
0.9010584492227167
0.6514373894313508
0.6484017412581125
0.5739095453146774
0.5453169226204864
0.7558203800560932
0.5224538125609115
0.8945062954895207
1.1077120243533614
0.7273630691539097
0.7285984048378964
1.158668561746083
0.6826320732405406
1.230942645327957
0.988837871665794
1.1858116072816642
0.6196426006682714
0.9179282987789179
0.5278478208304023
0.5969760359662359
0.5276163796432343
0.6601238852873621
0.9077294080211118
0.5906534724972516
0.8470198188564382
0.9458837425600564
0.8125824048849495
0.8872162045630603
0.6152065898900787
1.9004497753277292
0.6840366239915738
0.6117440572439818
0.5331729835119745
1.6867214228080343
0.5038582575129453
2.14041420978441
1.645846915922732
1.9051959215295824
0.6349409331884885
0.532387443377047
0.5317462988229522
0.6068298013834124
0.5477239975195403
0.7563227924414377
1.172952361177522
1.2024885077626095
0.7395443035877634
0.6013407005085583
0.5824497450439594
0.7931048981636195
1.0871871189680178
0.5557895220786122
0.527617824462709
0.6131077260001803
1.211215899688682
0.6436984383753952
1.0944654364233202
0.5502766547020883
0.6026987234268972
1.1679733335204219
0.7688075742778437
0.6940053893930553
2.02975187249956
1.0672373702079767
0.5925420808322315
0.7292086405800546
0.5564724340207476
0.7609693989636526
0.8967264030263777
0.5010977338363318
0.7369669408419668
0.5394980760366934
0.7040374671910286
0.9447703724696339
1.2596395486872325
0.6763418294085568
0.7461050419625508
0.8960583116863745
1.0575695309740922
0.7948994232118594
0.6425578757248331
0.8979901177111742
0.5864869350774597
0.6321769257766618
1.683041669611498
0.7754729209499374
1.0316463907527123
0.6966364106855281
0.5042263912160934
1.2929698652734487
1.2204159504534573
1.5052984293261034
1.2563478767677907
1.0826483169601033
1.1983580647084864
1.4255168029612832
0.7999732966037527