1.5562994817243956
0.9251615843961036
0.9110424022928179
0.5718987646828992
1.6793530306274462
1.7108029168136323
0.9451252316519678
0.6669597969309322
0.617206995575021
1.171493613941717
1.7068838537484403
0.5340737070285684
1.1526106552081004
0.8269253023148835
1.3880627045397134
0.5621714062421077
0.539310714435743
1.4842291520144215
0.6284151463976215
0.7721789844910063
1.0247798578629954
0.9370238359679703
0.5056255589082994
0.658064408882943
2.683623384510355
0.6420183101516557
0.6480314295756813
0.7460904294358244
0.607014928787649
0.6201028596244527
1.4790915794891362
0.934343539615071
0.7415058646367356
0.5671908479223049
0.5941738092813154
0.996177178735195
1.5255449608623906
0.5815956338120429
1.0735463393252758
1.4024669139937487
1.0094185287567115
0.5968716065901987
0.7105149349467723
1.4940318245365916
1.884708595667874
1.1687439732625222
0.6304561824356654
0.6365319346294598
0.650998447369588
0.9203823891498075
0.6045434278687196
0.6167141797139095
2.097130277962549
1.1477315982034213
0.525556303808969
0.7304311224216633
0.5620610770697567
1.0538207643557769
3.0897033127992586
0.8247701953362423
1.1734781243999919
0.9788572241883173
0.790017848573882
0.5988433750848117
0.6030030247536047
1.096573181412964
1.3106109470280671
0.5077283712124654
1.416427007563101
0.7262375125704352
0.8372234596525914
1.0976162801494525
0.5090773628407703
1.9954110636339522
1.6147639385290802
0.832975425981914
0.8581819166453499
0.6831686808050392
0.9851930313958235
0.634404071837281
0.657871074935656
0.5356255878345735
0.546101595013738
0.5759594168983995
0.6490896544548832
0.8130688004858655
0.5997458544607355
1.7033330561045261
1.347781939505694
0.876813780990318
1.9174294241811083
0.534626223337682
0.7081612433318583
0.846990507407611
1.815661522966309
0.7421383637804411
0.634843607456105
0.6155054341789992
0.6103982718169618
2.272920545761224
1.222756433367124
1.1286643789264872
0.8244453709238542
1.2694766815806133
1.326694290878379
0.6095406576783375
0.5030706055861742
0.5678334401094389
0.5774678386710548
2.119215639551669
0.542539091763274
1.1626787931107856
0.9914042307531759
0.6832710591912701
1.0666015128427944
0.7700800263828
1.516981423354082
1.1576473819563375
0.6040863137185966
0.7256876930658223
0.9934285650440984
1.2717330624793135
0.6890986033411082
0.6169997631614592
0.5541904077190338
1.3164613882094045
0.6816996110800915
1.1015949934632658
0.680549237724847
0.8890257802047472
0.9513841783697785
0.5183339988563489
1.0842321579422105
0.5678195003885094
0.5065319236131245
0.8358347421250869
0.5747699476609114
1.6448013805331811
1.4284235788811657
1.42468529572767
2.075813656844332
0.7096840836137517
1.2420943905767672
0.550351524499149
0.7060559601263208
0.9186301134521386
0.6984579193363061
0.7424098707359121
1.8390820170674829
0.7594030434612478
0.606988764351911
0.9214547395265527
0.6013963848644721
1.0139249004765816
0.7656342849463726
0.6729954487826149
0.679854226610189
0.8224956748205159
0.6249623995969955
0.5407037335177165
1.0574931396811849
1.0597814877729093
1.1234672904448075
1.6500967922652308
1.7438341301077003
0.8295732402770568
1.3013174838514487
2.3975865567674077
0.7576637553385126
0.7873854039863772
1.211474052380595
0.5011037956335258
0.7506090707226463
0.520083065310132
0.6491067260751606
1.1480367472564126
0.7276317393914837
1.4558125839500917
0.5773252700703893
2.897973774184834
1.3276856243471684
0.5957527785138268
0.5303936225467965
1.371362620927357
1.1042615303447292
0.9615523640111405
0.5574628347910675
1.083844411351265
1.418000941546552
1.5451383732242903
1.0154420942460547
0.5830582793001895
0.6222783255025206
0.7422531273292634
0.718851459508528