1.5978232934756498
0.62650167818434
0.9593977320091795
0.6336806809612954
0.8036291032514065
0.6630785106419079
0.8686611260158443
2.0894573714439773
0.6362989236726868
0.6852538453338397
1.1413261082558215
1.0287671307320636
0.7468738578224468
1.0056890659939306
0.786625693263332
0.5448262273620443
1.0202599541984227
0.700433842050586
1.4450396981809348
0.8809692548649437
2.5577884594046125
1.3125477092432405
1.1351568604480065
0.8421394740796018
0.652532346340216
0.575054148834738
1.085239495539497
0.7358436594396665
0.8947324212441146
0.8260122434503216
0.7382064533859847
0.9226661939022023
0.5096228049298333
0.591203980569972
2.0200611652305724
1.0840967142976723
0.5483682097243445
0.5015587758321516
1.1275771994373116
1.2838704143608481
2.419262878111482
0.522289105404738
0.9697216504736588
0.7109502120094646
0.850977300919169
0.5523942412570051
0.6063258562693932
0.6560813538126524
1.4967843819894995
0.7007694208579949
1.2466809221017172
1.3340533217950394
0.5763466965271107
0.5763212318955766
1.6370862624643507
1.1961358133053182
1.3409053013922403
1.5670126392051316
1.6229117491494947
1.107642152986699
2.0902158697784614
0.5145567099656319
0.5384505818402943
0.5308373371169353
0.812807502099588
0.7544014551906457
1.677963405763819
0.7945137031897218
0.9588245933209123
0.630505228186081
0.8084081586461309
0.6972513951646704
0.8633178815711062
0.6396214289786144
0.7858208044946764
0.7704288856076573
0.7412560362382692
0.5312876311300556
0.9749414399995544
1.4836688740191448
1.5218000325037337
0.5749151001993482
0.6847433007333166
1.1146760185223457
0.974980511230001
0.6085973329598744
1.6214548558493789
1.0842132811306442
0.7691979873083312
0.5550108412170118
1.657385376748607
0.9799441185950286
0.5447930223271555
1.7924817800134178
0.9172038439232892
0.8122914704434265
0.7085110778764943
0.576626830783141
0.5815477282919801
0.6551001920815338
0.9603911718360223
0.5118013365558909
0.5254002808828204
0.7001229364012715
0.8067386809266281
4.192883726217417
0.6644389377861444
0.8514049502970238
1.2719034847071384
0.5170711807202224
0.6832338071935737
0.7758731373293131
0.9151037513776146
0.5091738241174539
0.7855919587177596
0.5750462089568487
0.5262146205122349
0.9913174621410121
1.0620214269680446
0.9139473232186219