0.7382658205987449
0.5587199291633458
1.122733077428176
0.5825353502965562
0.8999937554903514
2.6203705562550024
0.7147392367922691
0.9605644452966402
0.6209727065884181
0.6312334342411603
0.8961915246109378
1.0151962486220611
2.3886808004008344
0.5987643379239671
0.8170903556043214
0.5308855398693169
1.6809033780132694
0.7855574495900157
0.5778084182383694
0.7070079412310122
0.5331736888200567
1.0495434897284355
1.0803166144145706
2.207552199542185
1.637005846844886
0.5707204226538138
0.5531878153410048
0.6371987790893172
0.6054015748001405
0.688994673551008
0.7456326096769317
0.6224755798021704
0.5451756832003696
0.5376208931847231
0.6408746881653968
0.862309934284383
0.853845131447855
0.8024062905716676
0.8547252171505306
1.2760945818576488
2.886067908971256
1.2398066077532803
0.5351559769795955
0.6037184642811582
1.3916831178062523
1.575991973352231
0.8393099829284267
0.7190846834668889
0.5040541674742371
0.6743734809502087
0.9258286059719296
0.5392032642849074
0.8248555096242853
0.915603369248231
1.1368561337215795
0.9498862779491901
0.6736539141932951
0.8556100458015692
0.5573106516221458
0.6326638885544185
0.6224750502979361
0.9975446307422828
0.5978863390946003
1.3732967727777066
1.5968937202723055
2.865945145221815
0.5739712883702168
3.3343279812097535
0.5849159085155122
0.5976171964607317
0.8716951017895838
0.6142196590142817
1.3108666035774945
1.2064193511781127
1.0787090203430694
1.1268515151357974
0.5074371080523292
0.6322064542177088
0.652142599417175
0.9319870233984489
0.7744933004233019
2.3330301276823207
0.7201713988584686
1.952153882221097
0.7927830002687983
1.043999917656521
0.9387821872222446
0.5382628188051513
1.152309676853605
0.5930215489665329
0.7887328579929545
0.6289773977376285
1.3993583160777803
1.014516525374006
0.8415484563795417
0.7086348865634591
1.3865354192835184
0.8485290372262284
0.5758742732994051
0.6797595065168593
0.507026343011205
1.5264603835609023
1.2115401558006056
0.5315708946397422
1.5087370049503193
1.2048052360393058
0.5617932371590655
0.8101161057094828
0.8716878952985212
0.6912058987161913
1.0650283020996199
0.6509258887875831
0.9627495115065017
0.6715266309325898
0.6501793269313794
0.5526201844596699
0.8029736335412281
0.7007360565431782
0.501001455291771
1.4123149171691125