0.7379372556833335
0.9531433507588476
0.5563479294825093
0.5123878389229768
1.2022199210224862
1.0773022845570708
1.3257377389426264
0.6663604458486283
0.7718726131704194
0.5215201842793284
0.5688941069463453
0.5717517440955291
0.6031855377961719
0.9949465656643426
1.1457423458802296
0.7118773247244334
0.6261738615252455
0.5902921602828499
2.986913328922519
0.5537871567953445
0.8123152764146084
0.6831619928912502
1.301860765064184
1.0157365485330274
0.513504142354634
1.2270347933135497
0.9737140998719838
1.1608444742089574
0.6805648929947807
0.7697493208067101
0.6726362150866549
1.131424536043582
0.6763255864158566
0.7406394804142309
0.557171454127598
1.1798521117482466
1.031541135499225
0.6660791290853041
1.8296494967433716
1.0261558653960492
0.521412030690314
0.6029096112533807
2.271186574459179
0.7920097664375021
0.634642810446536
0.902941925922363
2.4261121378155934
1.346308142647075
1.1311389797716345
0.5194904016975386
0.8170999649374266
0.5410915349744982
0.5812776302472571
0.7122279615388152
1.0729049634399246
0.9083531597906358
0.9313719473092874
0.7084442069200065
0.9729372716429623
0.6526255927412024
1.1723687350875593
0.7676936999546058
1.2250340920865028
1.1598381467264574
0.5132811265430917
0.6662018495014763
0.5113317037835259
3.3145855740182526
0.7157048960857821
0.8428453078378766
0.5536530569731042
0.5010023145858327
1.2107833267581896
0.8367679047552485
0.5684060867175447
0.7015385119715063
2.8429083563191853
0.5692890221883999
0.8837905122068719
0.5019500950759266
0.8017480887203305
1.2677003599188765
0.5351226547876706
1.353404303850681
1.7565492861840255
1.4774709404737791
1.5641387044160808
2.6028051685476044
0.5497183916030224
0.7693437281256195
0.8644286587128818
1.7580337277282183
0.9543673513066437
1.0556886285031055
0.7597989267209755
0.6107258527525801
1.3002197789944603
0.8958951129739035
1.194984610148083
3.4332153547564417
0.5588581674873581
0.6382500533406414
0.7633277378066623
0.5083492194661403
0.7317678123363862
0.6155225471326844
0.7527476802889055
0.9904824791411784
0.5973906653302947
0.5292704679626468
0.6099460702386637
1.0177534043065748
0.517797623048807
0.6688077810276809
0.731029687839623
0.5492444131571119
2.463666109827841
0.9457281628354508
1.2532600615242018
0.8941061844111573
0.5267656746384546
0.6310602414540085
0.6203805560260207
0.5136946954280575
1.6155469364162514
0.750752835600565
0.5692354385676595
1.0022992945380338
0.5552152363471237
1.1226974344354517
0.6670033795028871
0.674420889377302
0.5871091260826802
0.6515067568387849
0.6584993745931911