1.7607009486376826
0.7232564209719103
0.7548676958272775
0.5751531280850415
1.26084688025505
0.8521300399747158
0.565488301789923
1.018761707710361
0.5821921872896283
0.5205461381624374
0.6289339373215661
0.657580913119638
0.5839954597481238
0.6381413573781636
0.7671177314359241
1.191873242480881
2.0088144659013665
1.0866438583606381
0.9781576143238055
1.1410192672642623
0.8388818657165444
1.431919472258123
0.5842637077020001
0.8784133369638454
0.9354073037231672
0.8672096923565888
0.6339766536021756
0.7724015902509507
1.0815722326634898
2.2074055722091686
0.5408019430398241
1.186416835134679
0.644453712133739
1.2250562898122013
1.0474620605114495
0.8683730105574341
1.358403899344097
0.7690513225797986
0.9091521630011385
0.8865705123571388
0.9041279756855403
0.7824311647056987
1.1059459857944205
0.95292085939559
0.6452721145352314
0.7215192330533569
0.608072280797046
0.8219924568027182
0.6086406609680779
0.9540409127401404
0.8571722626358422
0.7515446909033869
0.508420918204834
2.0385056993395523
0.929285167409688
0.608487493123306
0.7719904948457952
1.4133629936637533
0.759198930669271
1.3646118553930364
1.3338300313674267
0.5463620236005795
0.6184150063299398
0.8284555484494831
0.7294035513912149
1.2609879808707944
0.5415675314233965
1.0367070432514538
0.7785984415633607
0.7095024488528736
0.7596450298012201
0.6435206836747227
2.4528499434619278
1.3742608665310172
1.0613989252093745
0.5721382892432985
1.2243931328055169
0.7012399014137429
0.5997043031709666
0.5698579343317647
1.2491585036621302
0.7055829767638215
0.6156238141074368
0.5353324612985375
0.6414482194661275
0.7279396882119329
0.5278933395715626
0.5780129654521033
1.1872346816020638
0.6035382347752716
1.189590916689724
0.5024451294865173
1.493651697418187
0.7237014310655923
1.6398981721212351
1.7897106336833417
0.753338228972865
0.5058684259450388
0.6017285869963587
0.6865799628797333
0.9870620844516793
1.0883923975694643
0.9224484343027939
1.506707422868942
0.6123153088428239
0.521943948077535
1.1019282707937919
0.5959772377098602
1.857918824325111
1.050684078149061
0.5742031982882168
1.1698493634495435
0.5407653601537277
1.007765729379173
0.7614400428827253
0.7439496508146135
1.0444284458175161
0.5513896200121735
1.3961280295389429
0.8249743802969078
0.74761975979618
1.245753997225279
0.9309474887492684
1.4627546701591427
1.7458026118088696
2.5813486124562246
0.5223364056987521
2.0188140060886326
0.6221726091476398
0.8160746336724856
0.6278412358821583
0.9096524174596539
1.353306490249338
0.5523025857779089
0.9032204904450509
2.792857012635409
1.1466118623534953
0.6620487021465351
0.6784583536949071
1.202729186390627
0.6245402937406652
0.5244408009979225
0.5521645812874567
1.1483264754595552
1.376433971411359
1.450568812752067
1.4335043042867142
0.9009354484775258
1.3079460544074664
1.148864011096009
0.7304663111564764
0.6864226543933682
4.694675746007022
0.6562333237960161
0.6205928438772048
0.6223152234719009
0.5143781447701485
0.692140596273191
0.529522140514473
1.0731713569873023
0.7768048658568887
0.5097349830851954
0.6416284713168352
1.4997704641925225
0.8036797686210662
1.061594575250524
0.68665974085485
0.7340260633224034
0.567310310990365
0.7836234023869224
1.3558065154794008
0.7408190150944733
1.665259770221553
0.6776884316284395
0.7123682293507727
0.5486951741509642
0.9842063947264137
0.851179926170289
0.8502893497155242
0.5294617341775165