4.183620521267736
0.5988256641683769
0.6907295774171782
2.392320982685872
0.7800755220485893
1.6705005069547987
1.1373914125817848
1.3550860059396257
0.9027597578396573
0.9632738606482505
1.5822658749557732
0.5175262351840573
0.5629843746395835
0.6849197865126513
0.8267441689053712
1.0072476318642103
0.8122325824583925
1.0314225430201773
0.7554283020185792
0.5569583382721035
0.7704264738961797
1.233329239850299
1.851854060510199
2.2966802939641866
1.2845973399842734
2.635753711870535
0.5749857969704948
1.5749478082638007
0.7576668572472727
0.837730050795102
0.8712730138706632
0.5633060741191684
0.5831109872897002
1.2804660014706997
1.3213337004894186
0.9606839391285718
0.7534151286372577
0.5848367544708282
0.6515693381018366
0.5691959093394274
0.7831987433075938
1.5568460501849586
0.6276220332758413
1.3319684575845514
0.8092159180812359
0.9745574663151899
0.6983984803042347
0.5161259207017679
0.5362499113629724
1.0691124807927679
1.0671393307199537
0.6824964835340097
0.9259783263276518
0.5610691126954066
3.321188741117936
0.5867592515009221
0.5416479855519185
0.6023004839682073
0.6384872638174386
1.6182634190505496
0.5838689303171236
1.5613951562116881
1.0596187254544702
1.092019394697246
0.7433770605571226
0.8494043744802013
1.6327035589537502
0.548921955294162
0.7728952794331008
0.5808610190036632
0.611426774330738
0.9922313740558764
0.5259639393732982
0.520558839252601
0.7879004260682052
1.1147879753494863
0.7530177484784986
0.693613980943752
0.5210560950214358
0.6749368805529912
1.2917622044980703
0.5179000290920044
1.1893363486670694
1.3766095042624613
0.8956474028959178
0.5070269691243254
0.5882820795465022
1.1264878522247557
1.5625231705587908
0.9985621330515073
0.7762449920167853
1.9636720276731126
1.5552406073594511
0.7209753500235365
2.6433988089142986
0.6013939929553658
0.6387299428321285
0.8891329793313503
0.7978205152488727
1.2023751997376166
1.2446949062944554
0.930758571996364
0.5164663188346594
0.6133242189481507
0.8321080938389969
0.5025144719721766
0.7534301532226664
1.069242750021317
1.2968520317101593
0.501323330740945
1.8550694697846666
0.9174512056111439
0.5389348619939369
0.9678697366067013
1.144181348055497
0.8668651363153685
0.8184198603317441
0.6865643264125652
0.5184732995215313
0.6195103236863702
0.9211082810892322
1.0146613675566982
0.8037614055728568
0.5209856588201092
1.6991100932571044
0.8643728790856358
0.560261258785772
0.8842410181699734
0.671272344711042
0.5032168581902283
1.6863025890033896
0.6782460603370168
1.1043330360433288
0.7013673017294764
0.535952302504711
0.9309506481544645
0.9077895520260313
1.160624090664328
0.8259432327699869
0.7113212116659042
0.5448745171622136
0.9172395341653328
0.7748088143313794
0.5042738785738834
0.5134608970828367
0.8912950049547135
0.6692895321811534
0.6739593943102591
0.508352897496195
0.9336426638124635
0.9596668417308365
0.5651023521818388
0.6900709252188335
1.061203609358813
1.3468465674485515
0.544536229832886
0.8558087110866381
1.068205134358891
1.054842652322634
1.597365375291531
0.928501315145752
0.7845221605911092
0.7728523831956977
0.8362703025335918
0.6043171107435796
1.0134546883946882
0.6250429854005688
0.5028888346320741
0.5550219600652895
0.5590159859910386
0.7685062440696697
0.9276764702541413
0.6233677892839751
0.8046689897925035
4.591593412678719
0.5443405915671633
0.5944423294997705
1.9032718226402494
1.5833971262760542
0.5957347712739534
0.583858989749217
0.5208005295360749
1.4998559218933565
0.5310239708533118
0.8727556308972453
0.5513077841696941
1.0255155094773727
0.8607383416848506
0.5384547200901579
1.3693988803112234
0.5482114545038712
0.843380603214996
0.9334007594515015
0.9935176641743055
0.7910392913523765