1.161424888441351
1.0057661284929504
1.4493172306524755
0.8168761781834011
0.5046894915416651
0.527540499438766
0.7066989080941912
0.8822587667186639
1.9779367425081738
0.8949823535454904
0.5608482137216022
0.5971645253693794
1.6725424896216055
1.328732843941964
0.532568798908045
1.3697653796238285
0.9538075223023839
0.8095995739023465
0.8269800990604352
1.2785735078328102
1.400741751288784
0.5954224520534837
0.9066024707798874
0.8665072238283855
0.6490859331229331
0.7377937421258238
0.5080675075438279
1.012334552940814
1.0987672495303826
0.809044243906996
1.5029891135935145
2.0111072235069685
0.707281503230746
1.5169622246893226
0.6915395104138327
0.8762218843418168
0.8616562106442132
0.6690999014395516
0.5035812453168234
0.5150285246381827
0.9341390284462108
1.4365004079873103
0.7394415899405402
0.5364632433016396
1.2074057266755318
0.6223156720586189
0.8681277425641554
1.0168340284724593
0.6168993302984518
1.2776229876283764
0.7596573806393678
0.8495406467705777
0.7637279328293118
0.8673937131244145
2.0991088110207556
2.091487012996538
0.6351247893126413
1.193856057250315
2.1067033396633974
0.7898468673745072
0.9498443588249188
0.8445423152660396
0.8158994736359375
0.8802978638962031
0.5816831910362907
0.6855422751263518
0.8450534534051997
1.8526918653174675
1.0587073042336215
0.6273235127922874
0.5282521191121532
0.6385359253510501
0.8769084372665077
0.9687127571193344
0.5652306323722485
0.7526098992785535
0.5214633429347941
0.6480990062503906
0.8336283640726663
0.591444012684633
0.8161915275422018
0.5611467345949848
0.757129403755556
0.5751460830965414
0.7712261566573773
1.0060742348720169
0.9148563368383122
0.5571763109865344
0.5767948074355047
0.7228778938309972
0.8632922973309576
0.5741931945787258
0.5367274057743145
0.5463549787061197
0.5805665735326784
2.9660439822915805
0.6806851234942428
0.7258044574224414
1.331204032686344
1.0167463219431738
1.4286730279701487
0.5986809955414856
0.5889152031210187
0.5489852792973693
0.7407325574694141
0.6560782199261439
0.8415783620576462
0.5250701512268279
3.529251137033498
0.7848026161641997
0.621566449673935
2.4887058748271897
0.7624702970198314
0.980674955529139
1.620580066482546
0.7555521194009316
0.679289506958753
0.5399824466479117
0.9722606318562725
0.6019213928279896