0.6197358971705966
0.8884980941488498
0.6312886165257705
0.6348834808281287
0.5068447022040612
1.2283658991319424
1.4152777556788259
1.0425296945906162
0.6503783789281847
1.1479220543485162
1.035678144231884
0.5434808103439934
1.2900405516616118
0.6628007935616047
0.5503820425598391
0.5126383715957061
0.6841804430622389
0.5894078054640488
2.6662372554685945
1.1340650735054254
1.5182559635788877
1.0351262291675525
0.7176176595510597
0.65813790280707
0.5157374947761184
0.9209417454635229
0.5840810089237323
0.9194015669036588
0.8242049961743305
1.0027077063992493
0.6175079224398559
1.806765930584362
3.0259743448806375
1.0725432669727581
0.7176189065837804
2.316635746897205
0.5400818376270138
0.5108107863826206
1.5197012016708982
0.5120220587062505
0.5524309242623531
1.10535773154362
1.5097155475268664
0.6931649684453163
0.8247316631884161
0.5191017903230772
0.6526450401226214
0.9345574839869357
0.8678528407504587
0.7711119293973354
0.7772552952607441
0.5312854488117011
1.1292705114339014
0.5716668221548389
3.1644499405927036
0.9595047801216481
1.3663548376574965
0.5026614709849753
0.8610907989361181
1.0636260424640795
0.7184211004520478
0.8350556175155361
0.7001060684922322
0.6877034473019421
1.0663676951785135
0.7326634016671107
0.5690699494082025
0.6203033229916741
2.0968089884446215
1.387234115686141
0.9750519847654573
0.5601603288542663
0.6611017930934793
0.7126721104113756
0.9546948638108859
0.6841835528888964
2.463721124825639
0.5147871425843391
1.1874541826374525
0.6073435175015618
0.6103193105225273
0.836249197427918
0.6525721067114603
1.5515862887347396
0.5574604153578093
0.5214847011604036
0.7865649140676396
1.4267022220161891
0.5178347646400425
1.003484957597152
1.720979543985294
1.4355346776839326
1.2402234988749683
1.1042204337790054
0.8988272931795223
1.2546744161051606
1.1408137886156169
0.6110089545109076
1.800224049915414
0.8747130308368014
0.6824742087644609
0.5106308037900362
0.5189232196285616
0.7876301066564224
0.5433940973840663
0.5234836691084297
1.0850032739690505
0.8107225684681794
1.9525194757149507
0.8164635572259158
0.7833909057310393
1.68950504561775
0.7087046953531626
0.9961850116632149
0.5172614276036711
0.6675396415562318
0.5132721980489805
0.7842070651601034
0.6757178495127505
1.2250785830678979
0.7610680652599058
0.5597810928433091
0.5002620184305897
0.775339521096555
0.8609081745761387
0.6584786500031328
0.954169222799635
0.6901973879257071
0.5416137080511589
0.5353246388002049
0.5483876193106312
0.5334064910762777
0.5933405301914263
1.265584380542407
1.052736834652194