1.1602132221768762
1.214376111335163
0.642474633927403
0.5662931730187477
0.5932814241427735
0.5575404324767543
0.5212628621896247
0.7134932356200636
0.922404631417983
0.5126549044098887
0.5804775999736727
0.5101053442531374
0.7293816689319677
0.8101803938583885
0.5408197094001466
0.58215303419626
1.0392924581288412
0.6152755901158855
0.6054467293890013
0.5364673437004654
1.8393730985130716
1.2734136634246696
0.743429161977744
2.3376458603123
0.8059574780018224
1.1876179018872008
1.3319417316797342
0.632909497469683
0.9136724247722867
0.8230491336339583
0.5622214203388154
1.3002766054805477
0.7265348726746765
1.1124439508858757
0.5546566476075725
0.645928708948162
1.055783516826608
2.1917607395289025
0.5211475455307237
0.5405916471768109
1.7131971352625328
1.2251992759876345
0.7145402455124525
0.8377444578654547
0.8150462054007193
2.2383665180730645
0.6444023060015382
0.7355562605758905
0.6953893295609674
0.9988242010216482
1.0999940669574073
1.3111447926071094
0.5775417865577026
0.98679818024047
0.94648817281265
1.3817360156588734
0.5520739351171358
0.6549561515225832
0.7480284814730283
1.5740488423395504
0.6254924031368319
0.6593934211416581
0.563112166376186
1.5542336245569857
0.8934026298222193
0.9944746388880787
2.726597805371455
0.7173286192111163
0.9056012304559999
0.5469169505312266
0.5049697721540554
0.7729136017930216
1.0114134049252925
0.7190086190004195
0.6211067273018784
0.6133269356598987
0.6937749449568571
0.8893677862076288
0.5853750558386253
0.5918413891755847
0.5837668998188406
1.2530645463937446
1.422746614648588
1.1859437812680937
0.8002552828885143
0.6032697706707779
0.7326889536403485
1.974063421201663
1.3507140904271182
0.7335268160966564
0.9259647999160734
1.2228646730384014
0.6924633016757582
1.9283829819745506
0.5407012110983942
1.0331331858125736
1.2222664790331237
1.2853084001557136
2.7400187504140945
0.5168418941826758
0.6431838179059923
0.7778802754679646
0.7456189300030474
0.6838217320194531
0.536109960511908
0.5220498408653498
0.7556529219920094
0.5793548280299774
1.3844933648068718
0.5122405514659363
0.621355217427265
0.7232844964179321
1.0114440655240173
1.683235604428262
0.8274075283546267
0.5954068948083204
1.3614665819901575
0.589696412384626
0.8505789179960175
0.5868893145318452
1.466224166097959
0.6647832527599462
0.7525199203237776
1.4084544007235422
0.5527082964914598
0.8533509329427034
0.8621881631393649
0.7372741813309744
0.6299724772283071
0.6256350022732704
0.7658754734127342
1.0253453051037695
0.5401618840959941
0.7407135991423957
0.7523318488799191
1.4234850695544878
0.7187333931481703
0.6025010196091216
0.5717151319438472
0.5250823507645919
1.448403648988176
1.4485924980101004
1.3410790246583701
0.6526823592483879
1.4980759905910759
2.997264938021715
0.867348603654591
0.5022559214338571
1.2235870516552723
0.9257312434957043
0.5329253872077402
1.0512012800012371
0.8826299693309352
1.7814266115087207
0.9088336067986234
0.5127032718727946
0.7223414018115477
0.5915417281020723
0.8369755985548863
0.908715355605068
0.542991166100137
0.9432144027451272
0.6198681139494511
0.8556682353618612
0.9411928190813796
1.4995442600439333
0.6543095874112055
0.8034974685679117
0.8594897456475223
0.6231490328291898
1.960176167007603
0.5781882594819763
0.8660712662588139
1.232814077550131
0.7672933274765796
1.2285476169637377
1.7139318834551887
0.7844263252476935
1.4320941829573144
1.5651020992062286
0.7065909973750877
1.0267723235328958
0.9730963472699727
0.7880977024075833
0.6998231621097943
1.3855613941305478
1.5332332861635223
0.7350468296584722
0.8417853095334067
0.6686605161106627
0.7795504771812602
0.6095625155123798
0.5722757282502471
1.2900623865256193
2.2942702407615343