0.6222607667933119
0.543541939637858
0.5076690575739571
0.6799139136806023
0.8268546497899596
0.8853259530542008
1.4860694267945522
1.1808955774561127
0.8388162638834054
0.6501057978925893
0.6721266909362633
0.7972547393979852
0.6680851906006389
1.7432690752776843
1.3297031807298865
0.6675162450094732
2.5223701261724116
1.4785935643791106
0.6075530897684871
0.7927166056858255
0.7556389132555594
2.568152680419601
2.5682291617405397
1.117243462888915
0.599091304773161
0.7382659687551012
1.1078247776407295
0.9274746621086081
0.7406668727545451
1.2578319010065115
1.5225505217558464
1.2698517588345197
0.7936140640887714
0.8405562054152966
0.8081798113301062
0.7977567864938351
0.8623843937057245
0.905120475775675
0.6462781800634758
0.899207865560129
0.7061905528140784
1.1144912066023238
1.0552587443115584
0.9315011158850126
1.0096259706008652
0.6606300895197563
2.694921812917727
1.0549203091851354
0.6470604434755813
0.534052194699953
0.9148023499832902
0.7717865292447641
0.7271720963529731
0.9548540911750081
1.1559699360992397
0.8763604874786779
1.1309849247019486
1.0508365350281963
0.5037889137772993
1.1401640817515784
0.6170498316378712
2.286368314124587
0.5448806731574791
0.5973802395592145
0.5144687497149505
0.8381379959071467
0.6257713428049954
0.5576738209031191
0.5289342168575502
1.9078057570596059
2.858535131752461
1.6320577584190232
0.9762963253357668
0.5030980988622105
0.6678900655660698
1.2490760102840852
0.7889244958366533
0.5036620329285029
0.5434849866146294
1.9789916535000884
0.8932919078249029
1.6436184156421234
0.5015396411781126
0.5080576483586299
0.6532946028482911
2.7518901376814995
0.559982522947962
0.6543513724240597
0.7431378631424082
1.1428758983737737
0.9304504320585352
0.6769307777220206
1.6566680994348815
0.7466888619127019
0.6198970997050424
0.6471933558657952
0.9381792304104692
0.602871439767398
0.8100374415174656
1.000543768937689
0.7557751199906306
1.1132712270265301
1.3752205178730037
1.1661152114712081
1.5026050360224303
1.0318827124895051
0.9002492407149134
1.9232598189855707
1.5752580158700198
0.5797097884338882
0.5147208585104863
0.5222900787545086
0.8989432999758833
1.675620817979791
0.8588419541487156
1.1654173151077885
0.8366546432833957
0.7510170489516668
0.7071825720840934
0.5372118383274369
1.4495926136107187
1.6220893705579442
0.7079239826394996
0.5784353681337961
0.7250541267167705
0.9867231208471594
0.6764781949988219
0.6062463907822462
0.5579341803716034
0.6459421276523472
0.7158201918568352
0.8350732860648122
0.895767129090359
0.5028150055368883
1.4491852435956503
0.5638790879252156
1.4970863259036946
1.3959646845887619
0.7664504096347855
0.7807045931497214
0.8980203187461484
1.344192100595535
1.5312380655449829
0.6932211227953644
1.2290218194513045
0.9970641652433301
0.6307289621010455
0.5505111790714068
0.7590705754527107
0.5676397900934944
0.7243789714515856
1.432925984788426
0.7909765510065654
0.5025091453496202
0.6826524504016902
1.6480058568878917
1.0509903225391781
0.5307622358937465
0.8480958257500788
1.018406528701803
0.8550879860645182
0.5694614050388509
0.7673679933639619
1.0888583542403012
0.7378620003175342
0.5058791395709932
0.8276364131560285
1.1186729889985259
0.8868026485109795
0.584249941157907
1.1513382120799633
0.7198991286323917
1.2799016697685488
1.2594759147344234
0.5003273992662116
0.7689472149685912
0.8741957408949474
1.71795390873433
0.5851359253687747
0.6947941519563869