1.7416334383661078
0.5675125674436061
0.7758294045294356
0.8222338795393558
1.0592682089933056
0.5064573684266964
0.6589004749019924
1.3093102625224908
0.7611912248484494
0.5276553373331438
0.5057959314690486
2.0763193885309867
0.5582059782481004
0.677655894501136
0.6261548251096585
1.4582804244317629
1.0891031758920846
0.521329027539096
1.3433489377024657
0.8887158026666526
1.4996611735214316
0.9450282456509669
1.4323513478171037
0.9519801769305829
0.7382198015952071
0.9544379941456924
0.8930435111800392
0.6096011836261965
0.5689738934377289
1.8664647868170903
2.391545199736825
1.1126837692266491
0.5542289800024491
0.6799940443874704
0.5981073097147913
1.2063000734755462
0.5640323177434112
0.8753798333406451
0.5498879495892339
0.7051679651899292
0.8268186729656009
0.6168212428393076
0.6199490896051714
0.661321518386714
0.8180016455709591
0.6439554042578379
1.3731022727358209
1.1319079374963223
0.6570472551952946
0.5769965984703731
0.5164434517977554
0.9842017312997768
1.4602284211626113
0.7538880498039191
0.9148318605189161
1.890285369460372
0.6325066276135374
1.2326855495168445
1.1237706118599817
0.5394001626077909
0.5009235908835308
2.7314332865587687
0.5951945866592894
0.8577948586778632
0.977548607362138
0.7400398197176514
0.6354815589805014
2.823466024171097
0.7874840598929325
0.5146321946362775
0.9201103351886388
1.0565012187709328
1.050381527534654
0.892016894183854
0.576869624642427
1.7006409094035746
1.2888847458949044
0.5850150460414056
0.778211287171672
0.7486102011949072
0.7522321033495984
0.7417373915374981
0.6754021693351149
0.8945102237655647
1.03694685009134
2.307435819716744
0.7334282565052206
1.0344851562639121
0.8152553931903412
0.5489820102551732
0.7800096481452101
1.292431429893071
0.5962088590853227
1.1224421559144844
0.6483786823233118
0.5129462943006047
0.6965722903827327
2.1248381950140356
0.5342320586003666
0.5096859397105504
0.9852362822919076
0.8882972783358696
1.1044438763735798
0.9209655971147868
1.6920806721516328
1.1066196143664229
1.4352448085421656
0.5126085839922894
1.250108055267333
2.2810016451563797
0.9005254531300579
1.0992451215079768
1.3620668204518438
0.5150722826664378
0.604467981614448
1.1674794199852272
0.6487875966689103
0.8689701740860301
0.8568633480466588
0.9958166792142151