1.1419004177225385
0.56634416286371
0.5950010452530545
1.2522255956626331
0.7464085242559424
0.6388325791100637
0.5377905725956218
0.6725626152064521
0.8036747637860273
1.1393194293410218
1.8272312437521485
0.7323591647774741
0.9610165363915364
1.9602361639306274
1.2061853281867982
0.5372450017551671
0.6534462980372737
0.591965294383904
0.5474184005325498
1.0119602496189302
1.8563233897007265
0.5115336291563608
0.526746456738401
0.9167328733579012
0.728325508632409
0.9468823160701589
1.519089144768074
0.8520704700069075
1.4330377937296959
0.7020420966870944
0.5121330966012323
1.148045375084024
0.8789040866640931
0.5788213512981599
1.7120314251865096
0.7899551996757737
0.5258838787082141
1.1116755846162363
0.5681448522551591
0.5279147827219361
1.9075185408617443
3.3368388302295102
0.6510269143238077
0.8309281888958395
0.587944116124234
0.7376928355708117
0.9614779505783133
1.158758293862718
0.877458041735224
1.03021009206293
1.1575954996717996
0.5759527075488222
0.6233308470999077
0.5635982920921947
0.731932684799915
0.5979563835213071
0.7110424744066393
1.299538726184295
1.4084016230502527
0.670615919804959
0.8412864582196278
1.656464841449207
0.7231735187173456
1.3345308767994197
0.922076903048378
0.61694424701912
0.5972293601445244
1.3664928235841387
0.9906713598743693
0.9852304781886971
1.0826721926385687
4.001221943326556
0.6909822373734755
0.842665565969213
1.1966702086005512
0.5156768824389246
0.8521403692730019
1.316998702135038
1.0049003413361675
0.9372603543261846
0.8487660261337169
0.8513612424223993
1.1984501435238428
1.2109202323152317
0.5721309582419849
0.9050096617147005
0.6927723534387553
0.5570119060533614
0.972573203897241
0.9410723340286609
0.6547330251628694
1.2868654223819362
0.7333880003981221
0.6341971591429001
0.9850440303876553
0.9442609154476145
1.229327053423333
0.5895487626769409
0.8558636853717303
2.1119040961701785
0.7300818289307927
1.0894728612623794
0.9875110653732122
0.5901451060796603
1.855309805001923
0.7223606366943045
0.5551052037868089
0.8893867013250087
0.6935493424213632
0.7153440714381532
0.8652991914128734
0.6235246613300092
0.5809208332889852
0.6185933434975937
0.6291340628831676
0.5892846532741487
1.4715720821915284
0.6423906427153838
0.7715548174188598
0.9016790292520795