1.8520203682943224
0.7416860935049483
0.8543423075393619
0.9318941702426882
0.5226784104061899
0.8826500826117805
0.5681700725386207
0.874466903863997
0.8144082636318721
0.7384232036859295
0.5538553910251061
0.5253935973331849
2.242694845817425
1.184041926644312
1.6663934593688339
0.7808507767404578
0.5899951546077062
0.9960762991173908
1.051542209384131
1.004945413902675
1.2378902072039963
0.8366076197219883
0.5221368671918754
0.5639924223378259
0.5330530410361831
2.5737937615895703
0.5307258983550582
0.6091907509974845
1.0567023431389515
0.7028762561380262
0.7789266360744591
0.9989103544822058
1.010559916480048
0.8126148554526509
0.9188906529821281
1.3476070087397147
0.7230560156188943
0.5279680039363086
1.7102600431160369
0.522259605109781
1.7457620912722973
0.9956288524792001
0.9370221916134795
0.9344661835844619
0.7577935463727243
3.0612947490648423
0.8658972587801514
0.8523556650957573
0.5895691646747423
1.071357268003382
0.7925123550066218
0.6768983450742638
0.698280353001735
0.6144330049164068
0.6015872223457848
1.3130688320955812
1.4474057975885444
0.7770282091900924
0.597267166567832
0.8548714723664261
2.0495142862988587
0.8481704722304073
0.6765080396021403
1.4555454633095337
0.505425889544938
1.162418640477398
0.6398918105994085
0.5339251917621652
0.8261342701418926
1.4088608202204114
1.9302593942400676
1.8250792746323725
0.6397135163024643
0.9152965870095784
0.6040208548053556
0.6995581478300323
0.6094394061328785
1.4059131410681687
1.0550339840666823
0.5958554730468109
0.9234297414135426
1.0695081002170923
1.5847488071603948
0.7737621245507285
0.5194011356563237
2.550906661734871
0.5094535304957333
0.9051904191392737
0.5065232031292339
0.7560158500130854
1.1804932794522074
0.7692254967125791
0.5951350836040206
0.6105505949735459
2.1447827386323297
1.4893127376353732
2.2010880498282575
0.8820073346038839
0.7375264330240725
1.2891232836008157
1.3317537624795364
1.2709749329510487
0.8088009962270348
0.54110356257695
0.5807993798299549
0.6647053725129695
0.681756771954042
0.8913543721637325
1.5735686823873607
2.1299620705843267
0.9322164774654311
1.287410494683968
0.8611022977987091
0.8310718030552948
1.009499825379919
0.5412370688043779
0.6112081140976215
0.6620292074721306
0.7485390564534669
0.5513512973207639
1.332043569533198
0.8068706282597304
0.5163575560813456
1.050859032809683
0.9666780890111113
0.5831100332829351
0.7081033988168883
1.4993263056045407
0.5652639467504059
0.6026531854014934
0.9725428129566467
1.8009942292452479
0.5424293872078465
1.187379475336229
0.5249385723481623
1.1115602216096931
1.032363505901401
0.5547547608240393
0.9585889035078026
0.743778554775588
0.5065296375741468
0.9806416254665464
1.4029739014646907
2.584268022123865
1.7412016505491579
0.5224068868786844
0.5113546211557605
0.514851432848161
1.2356064681591192
0.5494077491471216
0.664201215067294
0.8907029720827495
0.8051498215285164
0.5150453765929228
0.643780153120872
0.8505113994817748
0.5899923546446075
0.5218138002068713
0.903741981014548
0.5014902539095942
2.0464611059075537
0.8127992336713419
1.625346340520764
1.1752124184761215
1.2692737013862825
0.6238902320937996
0.7646111837688068
0.6232719996175433
0.6548880616670658
1.3584144929843092
0.5350373388627645
0.9789166552969277
0.5158666001674987
0.8629346010322365
0.5872636877904824
1.1010342440483782
0.5857147285053088
0.6164688618884497
2.4590707641402787
1.8599029345699023
0.946452207005791
0.5589348714635207
0.5763241699065702
0.6032024979476205
0.9828914959982171
0.5121151123983623
0.583959204048142
0.9021528686370175
0.8010550338881899