0.6925805909794444
1.3383636722291747
0.6816776417448986
1.1834904433307933
0.5882146510540984
2.2476496773816557
1.5378365439752102
0.6364784954926179
0.5677409647987126
0.5412134196207568
1.6883991107871097
0.5331019649171509
1.475290024770544
0.5535812325553024
0.9306877880044198
0.5307825822362844
1.7239397613670278
1.9233344899831124
1.1920198053879574
1.131935199900873
1.036815834711561
1.0717301231446186
1.0540069283697733
1.2687525458775184
0.6443417798781041
1.5409040753350496
0.5215295306218195
0.7953908939627468
0.541590046245517
0.6764329716853865
0.7328485871635309
0.6276861184109919
1.6177314193894432
1.2948858092770479
0.8800914224932939
0.6706549097471424
0.9664213190735609
1.9532409302552765
0.6021653829363203
0.7454892449996748
0.9955578645441818
0.8162508359180833
0.6404653471358017
0.5728360315527254
1.0591573809957993
0.5463497342038011
2.409353673300018
0.5338139483210682
0.7195324387210462
1.5844789006029032
0.7091063727248468
0.6380777928819725
0.6301566659491868
0.6813210151865405
0.9011911076997023
1.952996848072928
1.4501886515944022
1.311621296433259
1.5546321360385207
1.3802431307455265
0.6703554046193005
1.4716046539714398
0.5056392826181764
0.556245445130827
0.5373111365640568
1.0713646923002784
0.7621006043571867
0.5591156421596111
1.4847530326688059
0.9587755043889672
2.2923234728213515
0.5681416843849831
0.6824105350420382
0.8609253745686942
1.173909381169807
0.5947374481986571
0.7090321275398423
0.7320750850981597
1.5280037042986407
0.727085476391693
0.7487959345442619
1.493251310788196
0.5172135464054008
0.6423620916596633
1.4038260089928372
0.8428090113430926
0.5129002773949765
0.7704300515175646
0.6637626763310323
2.0416101450690576
0.701067084435465
0.9612780823086382
0.6849031873161948
0.9038727698214188
0.6000315717748208
0.6668026581676259
1.1246717250778033
0.7362843145254487
0.7699352417350269
0.543126192407783
0.5336312596344328
2.2034332164524812
0.5382606251507696
0.5081991467451417
1.4487349602580935
0.8357098428566587
1.026218017094834
2.005105409081125
0.8490277664113819
2.136458388217079
1.2807502799373651
0.5540941113054032
1.3834444465321667
1.6875297294776601
0.8530910158371512
0.7921843634302945
0.5601494076096856
0.8269332174676833
0.6585068313817715
0.5626713900674645
0.7477643936601908
1.712833789234253
0.6808075544100802
1.0601341389547656
2.1837600119015406
0.584095262018252
1.1578997060902338
1.3067839481870465
0.6795875548878598
1.475506008872344
0.7301785630819495
1.0412957175754514
0.5590944663686628
0.515622933858765
1.802390429988975
0.7924588646851589
0.8019282250055539
0.8914598063394692
0.6549748052284485
1.3498976767730824
1.7645988737783114
0.7092636233526832
0.9081646045313505
0.5396172648256083
0.5323720262948086
1.1520977132896064
1.1268710076542447
0.6910853151492802
1.4069000663332645
0.5600450204418621
1.2649107145221024
0.8561123234181878
0.669607105075329
0.6225077167915742
0.7897994031129087
1.702445950702213
1.4598703745139687
0.9826114950882356
1.5409870787935915
0.5019056124646681
0.7044878116817017
0.7522503318967892
0.6239996682910487
1.5804819387059297
1.2912997412472578
0.9374623446105943
0.9886387649819426
0.9603778413370492
0.7100680508635833
0.607512667770834
0.6571949818095391
0.7539129581292627
0.5496184498700813
1.2517840254126895
0.7456180224817217
0.7262120391538929
0.5933562415864344
0.8309285732915441
0.507342122182763
0.6998445830608944
1.2582941597290755
0.797965135215918
0.9395660770575205
0.6359567589954622
0.5378943505262441
0.7538337394655628
1.9601323534571975
0.654505940063018
0.8612905511137114
0.9566813868997315
1.3918941024259084
2.3496844690949956
1.0079405703029352
0.6309104009337716
0.5340382596473319
0.5054072823240858
0.9530124970224279
1.1712232777364306
0.8408869521434781
0.742737415371721
0.8313366532736381
0.5662275680884932
0.5299755131942447
0.7215594526740006
1.4706665848503917
0.9728834230683105
0.6396481210837237
1.5215056370810771
0.5599882019066627
0.5558348503426487
0.5098358464690591
2.266605656498541
0.6700484015162829
0.9078323438951656
0.7909930544211647
1.4007944513303983