1.0776600022151492
0.5017325916699407
0.9822298841590573
0.5679833436019077
0.6291332050412439
2.1723924602228912
0.5978801057035454
1.5125370252043453
0.937808537241068
0.5838357458831247
0.7313475408835899
0.5146612939214421
0.7775310314361477
0.5448860110858931
0.5650491545473173
1.3010333877636953
0.5072037471640485
0.5978706066338262
0.8762605721361467
1.5411322102301241
1.0238398654748622
0.5583079726018454
1.3533964399797327
1.3009405820179012
0.5520228929605224
2.5132320986349583
1.1289627233439319
1.2164997999113467
0.5315680694914136
0.8852272175840028
0.7754792301005722
1.3500336129172155
0.736467135409157
0.521287994292635
1.0256687658264383
0.7893459652990487
0.595396585588162
1.205491025232675
0.648849926684079
0.7103628574460856
0.8863492209978716
0.7694814774431222
0.8174716687181558
0.8037248340803984
2.9257303290173127
0.5900875681430193
0.9591107902693636
0.8516449368985377
0.8129667879634894
1.1539023329474958
1.4381518181389197
0.7163531486921784
0.6027425343748405
0.6865832957264502
0.7570497747652212
0.5199434152001743
0.8715674992439233
0.5883863257816699
1.2212387398362807
0.5975897907255785
1.8631453254998576
1.4227791799147838
2.7344514816301455
0.8195314734963688
1.2782512187283999
0.5027539621836468
1.360113910886497
0.5504903078089853
0.5493300110818211
0.8234299184235567
0.9371664628309588
0.79080500930516
0.6673067640204522
0.5147125314199172
0.9205330690951996
0.8684425754836695
0.8191133440112139
0.76998243754241
0.6947014876517699
0.6206013404572843
0.7720596803413855
0.5624193815956744
0.9093731796479005
0.7136842969892996
0.9406987617967957
0.6591430099683748
0.8497035043229744
0.8309659127236841
0.7133510403369314
0.5616441288285614
1.0760861539027928
0.6487272305684542
1.0613570703495157
0.5772719879619217
0.7201213714357664
0.6852539499180921
0.5484403042659665
1.4231673823397841
2.455350302489876
0.8626825802149938
1.5512518170183398
1.114491567882908
0.623626298700799
1.7697794109653842
0.5719633165377331
1.1039579493846077
0.5213130271301338
0.882683970461926
1.3342839103038955
1.087468756789633
0.5347629642946572
1.422596813383791
0.750414588234662
0.8307097350962636
0.7710193466398891
0.929524795900079
0.6606616324016272
0.5207673530737225
0.7216496462326063
0.6718007066544374
0.9042951186243045
0.8791476074152342
0.6263217403882777
0.7059347747341462
0.8415550419046554
1.4900743051167638
0.5766065334392465
1.17199559032548
0.8365212653914114
1.3607568274114215
0.8858304630567773
1.629528367773446
0.5509050331255594
1.1855677656240005
1.0986378786654996
0.7646937262242091
0.8541172063291356
0.8700819641175599
1.522389199505767
0.6774861401044063
0.8260212944496743
0.5610152203950065
0.9116176865682064
0.8066518089274268
1.6267204565647262
0.8236429654623976
0.8773604136027302
0.920239341319018
0.6681829486771562
1.0267329808642103
0.5427630405282002
0.9762730955569623
0.7767409974827615
0.8538116533449625
1.5470785706351649
1.3336707996891732
0.5230923518640225
0.6610989911117144
2.028300895376674
1.8031143075305636
1.7571463774567064
0.7938063388629075
2.3340675031186606
0.5598206407537418
1.3798956268813072
0.5706631614270918
0.6265667863501676
0.6741918673362761
2.0879732361772767
1.277335149030364
1.7837174961794062
0.6745530594511138
2.0335177846662873
1.1012920034557965
1.481805566072353
0.9437523818127147
1.1136761227324996
1.3212908997435306
0.5838419327783413
0.5970427712979927
0.8318332975804879
0.9063488424183106
0.5413558937767675
0.5066521159144486
0.5188887323597555
0.9237394872199047
1.2134134880893725
0.7008326674881573
1.0797418280745887
0.8725352414902545
0.675994203533719
0.9946462738729451
1.26149451754236
0.8449556249595389
1.2409165300580298
1.4214613274759813
0.5081685679928114
1.8877756532305057
1.3683235464781092
0.6024328052372994
1.0308250511645838
0.5254668225545629
0.5550329909696075
0.7542791391329047
0.8495779784238948
0.8953360884972881
3.101332955256339
0.5533257283235571
0.7709843771460783
0.7279335760157437
0.686455706229367
0.9889379407364913
1.5381415191328642
0.5602724906315188
1.1041520085993852
1.6393110691066113