1.0222861061582629
0.6219712349734232
0.7144247138577784
1.1423672525179454
2.054152153367575
1.497469097459561
0.7127227505723965
0.8810899307206519
0.6440575522354273
1.1437699125284162
1.0613453201499041
0.806317738743676
0.6703835994541159
0.9041614069853523
1.1404998859672162
0.8911770394509375
0.728483245819703
0.6933199059249802
1.2305498660531882
0.7346362245475362
0.5545336523158895
2.709494839604531
0.5741826067788907
0.5915582957163608
0.6499343828917503
1.0375147234265967
1.5799343722745647
1.074644579059111
0.7638015435031491
0.7599641491130313
0.91232264355979
1.7312516912966345
1.2383022911454304
0.5764798164053673
0.6753182496656933
0.6203238872987527
1.104139030753558
1.2571476365832268
0.6135326293503027
0.6444667431051982
0.9996214984940792
0.659093713805234
0.6229717519790086
0.5655239838567638
0.7078330801219295
0.5679608329337071
0.861412708357733
0.789587241504762
0.5239324880239451
0.7135690058554758
0.582365940707632
1.0915453443153353
0.8756378181457194
0.7600841403359482
2.6683976301386565
1.2339251450651432
0.8672830842014321
0.5947574539385982
0.5789495306542847
1.0041979888733295
1.1252231567508773
1.944157074414477
0.7570928479468364
0.8304222083592379
1.1094114424251416
0.5011892138219025
0.7593174494248842
1.6616094205755587
2.3542575066666416
1.4518827039616156
1.6798618960176555
0.8213835864457621
0.543469577561126
1.6527646387317247
0.8643997380065684
0.7695447903061563
1.397048792391388
0.5031965031151344
0.6253322284184435
0.9517961113247111
1.089435263232275
0.9535653214308297
0.7409720723165378
0.7051520237558861
1.1689913079558778
0.7144107335145975
0.595602948166345
0.7801437108481082
1.0101832152921304
0.5566206937954803
0.8311994834336645
1.1787975137060585
0.9959449867399144
0.5970977532153938
0.5859567908337908
0.5004020004047902
1.206426707916762
1.4573852824482287
0.7401912786635307
0.7547757769913801
1.4658442626844703
0.7780187222244876
1.2910525549401655
0.8194591701995932
0.5473189681868575
0.7050818756236481
2.8659876336872685
1.2266647382817268
0.5015839475755115
0.7027688288342802
0.9244346198997277
0.777569927796776
0.7624683047292251
0.6340294575360303
1.3539347644071995
0.7887505814943552
0.6502393627466745
0.8564110772260847
0.8779866227010302
1.6554875774684774