2.4992595110043183
0.5207463090780218
0.8047734029202092
0.5534024880744646
1.4433902551370323
0.5093511095312184
1.1365180404383395
0.836321497131653
0.6769695280201127
0.6621184545243786
0.5337319429515865
0.506056773982845
0.74623666130136
0.9463846270269656
0.5721331413078232
0.522298350756742
0.7326369628550395
0.5756469298909579
0.5736924081387968
0.5263819299603725
0.7535390525487955
1.1644418955028328
0.6966267080388846
0.5467780066118948
2.0737116037128374
0.7474175856540768
0.5127077016308306
0.6221378050870925
1.0345534658553532
0.8905406771348225
0.7452529206400555
0.530419762611686
0.808994419083831
0.5358135199484053
1.0719489543895406
0.5666648471666633
0.5914645663940234
0.7309093269595763
0.6412051564074375
1.0462001399944256
0.5284045589811939
0.5935512831596981
1.3334273287343308
1.5304599214596095
0.5018037889944083
0.5870637422112139
0.546543945694836
0.7671153000416098
0.6278549056192304
1.4582868790564731
2.390954961527342
0.9455370439868034
0.6433126998084617
0.725730563829643
0.6668776555216311
1.1778261062844422
1.2594228169460848
1.4206179774335226
1.496258341238331
0.7547446953029748
2.0544124265647383
1.003522904965621
0.7332234250501131
1.0486249172072348
0.6581965825911311
0.8957118819245125
0.6201388305814248
0.7087476593137865
1.5297498035724573
1.4908771524660267
0.5385753130182991
1.3451623944016262
0.5522539377770954
0.5690322726827048
0.5166330709795375
0.6952525956145337
3.384030308999627
1.7850472638187966
0.7444317044929392
0.6875337639511372
1.1102862194363183
0.5366635441189089
1.0799935142654533
0.5115107543513204
2.57185063038051
0.9252409949590117
0.6938451734296791
0.6042074245114861
0.5831441564751572
1.062593459626953
0.5667563518104828
0.5817577375021301
0.7915526638726078
0.9167495625313222
0.9211734763347295
1.9131401668246895
2.134543034693081
0.7432241116249543
1.9275929014239068
0.8018999022696107
1.0406170981171954
0.7309555865506354
0.6634685817505783
0.9534597389647388
1.1483375644131684
0.8275773756806188
0.5229823316008151
0.5891346738076777
0.9162500906622313
1.070936319669272
1.1014366820846249
1.110584191668977
1.533986617395442
0.5229404994029778
1.1892078197581668
1.788688293516259
1.1352103473986404
0.8694355264752858
0.6373763403029784
1.2604753414690322
0.9936344811764002
2.1679093155844384
0.6026997510375054
0.8081750043739362
0.509768339409618
0.6160323044421716
0.5127017752616325
1.2088297800406167
0.6200508575641948
0.5360513726593013
1.9552724178373637
0.5010279425363251
0.6679348492991153
0.6971120125995753
0.5039054196035977