4.433488377297168
1.0123632531323477
1.5036110851533362
1.7994389462746092
0.8385405850530852
1.476575285021866
0.5897306564751972
0.6780813246787218
0.7898703471137623
0.5063822396007183
2.4413343585627274
1.0634225185055186
1.274164714181211
1.0326793247911468
1.6826380530459915
0.5265020095367845
0.57088699072564
0.6962812627972852
1.0059880753070303
0.7127054905398467
1.0712877092607727
0.9473408802783752
0.6391489888930835
0.5793302786969718
0.7405418218019122
1.4344427783263711
1.6893654228446735
1.2053556253866589
0.7489215558184412
0.5513145217139481
1.5368686001306742
0.5870074712495637
0.9978474880828969
0.983466992704706
0.8515634631644389
1.8613312473608516
0.9559754807497427
0.5037717712283154
0.7467459482298864
0.7641672588914048
0.989822954502614
0.7398810780118197
2.2245020124004213
0.8607624109340577
0.721736593360049
1.2486052916295307
0.5188083486227697
0.7391947760714856
0.8200507693109671
0.5538469547896625
0.6055084889271143
0.5877807197596212
1.178716740217567
0.5593847495135265
0.8542466086051377
1.3321946290682263
1.7579237689883485
0.6219794673301067
0.8881062262913133
0.7997242081705735
0.6857586822212056
0.525116443666036
1.7230390870433325
0.6590473272326562
1.0416971247996685
0.6514456215526252
0.8110393142139856
1.757521577766454
0.5565449778262632
0.8534852487646276
0.5003080057851435
2.0229385648400466
0.8424817265050137
0.7633787464188799
1.1729481926267908
0.8796596254280757
0.5916744353877448
0.8281316043127163
0.7577846013965086
0.5623306737065832
1.0158559675118113
0.5059420067071869
1.2592449794341292
1.0389234913582186
0.6843619792899744
0.5095086770060107
1.5743446858225525
0.506562631628185
0.6528548605051583
2.064962795974452
0.5701641261963459
0.5354867322708969
0.8880925079641884
1.4766714890940875
0.6169779290978568
1.6652600828748518
0.719954277502552
0.6579530156843703
0.8844602736028264
0.7070786797390838
0.5905329450251884
0.673213700721135
1.272454460593849
3.304243466734306
0.775391362995947
0.8671834805129492
0.7415604984452102
0.6924434104661259
0.5185608148676693
1.6068305405103729
0.5377560906910048
0.5108968943658283
0.7316750458129491
0.6467136723119893
0.596830991827801
2.0570003299314976
1.3069575198487655
0.5942997770509919
2.1524835602104986
0.9792980799703628
1.9031624965185756
1.0011777985420167
0.5512389795477475
1.4052514184925258
1.2202144195198343
0.7551959599120437
1.0703580378218476
0.6117444176290974
0.8022776194868584
1.3485675566124655
0.5878435775639446
0.632000067531294
1.0621967950285125
1.1986961411714674
0.557103408791022
0.6539464997457571
1.142623099807338
1.1507416454074928
0.5752997398695925
0.5464972946274429
0.7140363666750318
1.8514116594086545
1.4382032625135253
0.5310270971812088
1.2340312544760081
0.7449135584619171
0.505021455662586
1.290095191222008
0.5300653136387155
0.5963368631196317