0.5219116015991938
0.5957198802316923
0.5196773876856451
0.5344340700050854
0.6389464225834764
0.8241897753200966
0.6119231345216409
0.5863669678610304
0.5958476358967104
0.5773015913398005
0.5457927182778342
0.674548540432621
0.6077714265837209
1.01985641717814
0.5664222201686542
1.75145025462988
0.5103683409660746
0.6370281051579454
1.642720278497741
0.8530872648645413
0.6121108787358764
1.6198830342403596
0.8116929711326719
0.7046186010921645
1.0693769555822783
0.7676929248993432
0.7049506232242209
0.6802519064501098
0.8859158921021475
0.5866329119890565
0.5100819571871398
0.5245714742094378
0.8976000360316618
0.6087618951375333
1.5554787628352784
1.1443969487206687
0.9306676366841202
2.051829751409784
1.3358811840748928
0.8667081802022238
1.6582628943545643
0.6889253690829378
0.8659650214298011
0.6723188707413925
1.4758121582419221
0.6999535395075185
2.364345428546727
1.0023908484224933
0.8557515445390607
1.2470139862652445
0.7709593170637845
2.4022779324007786
0.5016544713521398
1.3214264452943212
0.5682052428810209
0.6187043537142927
0.7066119004582276
0.6598634901886271
0.5752221338594268
1.10789082351954
0.5529267183997888
1.334911384430086
1.2457419227730213
2.4457811079716123
0.7084615008348862
1.6202029800168134
1.9280930043047135
0.5685382024659873
0.7290184284370866
0.8782720511698017
0.5576018394175151
1.256956581807799
1.0991017778679009
1.036048544609315
0.5643405009192008
1.1614152061255822
1.828663826716138
1.9200494792786742
1.2128024865494638
0.5138641192932596
0.7845711470184824
0.8139286790317897
0.5328855792554066
0.5339990559707246
0.9331999880738806
0.7064711447643504
0.6457120532681984
0.7410845955036507
3.764946886304159
1.905902679767479
1.0925046759615498
0.8817978287017354
1.5132607471077222
1.4300799229873746
0.8584061428927043
0.7346682587634632
0.5095409456635025
1.0343847381372484
0.7756406387996435
1.573100840041775
0.5503957302462936
0.5404832203821002
0.6033515900822977
0.9107577498500632
1.0581951186653669
1.0285381875251574
0.6874944928507603
0.5365513364611161
1.0235342950924178
1.1041821821435747
0.7911731079704509
0.8627113408372793
1.3629939998502323
0.7759927379703981
0.5244838855894614
0.5129227790114896
0.7872482217185279
0.6009249460683463
0.9567914171774987
0.832993174244109
0.577308815677327
0.6267349881377982
0.722092690140073
1.0953383405882278
0.9510502117224178
1.1965330962440248
3.3276209922466933
0.6669125426014944
0.9808301539206923
0.5891062730703993
0.517890635504898
0.6012388971902283
0.5694374238776732
0.5471471834987369
1.0893587983392194