0.5819328426882827
1.0633029876977025
1.7161633695889114
0.7577292525687476
0.6661891034211536
3.1094278966784366
0.5236439786624238
0.8634888134654481
0.5879208598226704
1.1388327704174586
0.8348936980058994
0.5824155862085831
0.7378930603817295
1.3359020060814046
1.0614231872922417
0.5556117684717776
0.6811945473222139
0.648626352393542
0.6599858408870958
0.5563426453125331
0.8845203629735323
1.2465002377837848
0.538918834770989
0.6504918731517364
1.36507153277158
0.5848406574588836
1.1894646571828673
0.9402723377152427
0.6210095277099867
0.7010095785029478
1.053196097975274
1.3306392404020642
0.8618100095768142
0.7407975790634254
1.164456368080323
0.8917435598445991
0.8770432346180144
1.5008575826968809
1.2614069749918286
1.212686933649053
2.0964390435983375
0.6011598990612299
0.7603904691134034
0.6293463516225728
0.5557300292589247
1.601681399522576
1.1765394013879558
0.560294743032614
0.6852502040862731
0.5076042894480963
0.7547694038159705
0.9226267689936947
3.417876041641989
0.6952339585973846
1.06272147960874
0.815583807274237
0.7195622478407984
0.5009269916368453
0.6397748257567741
0.7412735304047544
2.312434394870081
1.1658358733548084
1.3592176804418727
0.5696960449245978
0.5796196532653255
0.70922922591717
0.8204856055368737
0.7111777092021896
0.9166902344703942
0.7991971538482403
0.9461966264780131
0.7067497887500735
0.7762916821672263
0.5069962505678234
0.8213228012507727
0.5006720282698325
1.0862440263488509
0.8471222887717147
0.5490775607096339
0.7364461876147175
0.996660213354204
0.5934333003073391
1.0192579139357179
0.510830454528076
0.6989092234165923
0.5808802168385228
0.9203976549388528
0.8346814350670968
0.8238109211275457
0.5818909362169222
0.7255985517910517
1.5726095514672522
1.2493391522428965
0.5979087496808404
0.896600159296213
0.9603332147931951
2.5442471822064476
0.6996744107996165
0.5030212594566592
1.029972449625177
1.4042884189339588
1.1718266221309932
1.05887202007915
0.802880151885347
0.9512499958130434
0.8339315443008104
0.5565240490324186
0.8655919370120841
1.0600381660008225
1.1095816384605541
2.43191348982549
0.5610614533795228
0.7314388026143206
0.9113851958409214
0.6782811365375778
0.5640374887901771
1.1338204427523237
0.5445286651649894
3.500119592542262
0.7996296238884497
0.6550764020564088
0.7219927898331662
0.9811114093212154
0.9951644607429557
0.8390165634446589
0.9399378132935681
0.9051008019506526
0.7445510612926114
0.9094585875281496
0.5541945620328761
0.6614777729545835
2.9929745412370607
0.5710546504451486
0.648768842494917
0.7616883177854561
1.0711897595767823
0.5463637816657183
0.6386474551528067
1.6157532519285382
1.5975684891599258
1.2753940321485402
0.9967851449943623
0.6773823342858236
0.5588603807833579
0.7222329622093184
1.479286252333793
0.7664384791016232
1.0356161180884556
0.5689833473891781
0.5778861848345969
2.9826014409259756
0.5221726768334065
3.3772506009221956
0.9171521028117695
1.5332898934880177
0.5892517598658173
0.7724723626723176
0.9063294416751546
0.6743535652626065
0.5335865971305225
0.8783464778086341
0.8161535195083616
1.1895022710798457
0.6898490504830761
2.3001513047262847
0.5933470276440289
1.2111599318319008
0.724714488411621
1.1276709509056673
0.8126656080413
1.5095858166693574
0.7852911265835019
0.769875008997019
0.7329040118311809
0.6900936604724848
0.7109985054705135
2.1932847304307757
1.1807681734208586
0.9868747133528473
0.6346258340905138
1.8952726829983249
1.3571144839797284
1.081495736589659
1.2635070561084376
0.567800409667484
0.7768628518832656
0.6161445827857506
0.7319594234035094
0.5975578778110275
1.3170763362255684
0.6877093779693269
1.1453870671567756
0.7487947171465521
0.6544956567090594
1.2700193473599484