0.7031951627065842
0.5806624929247173
0.9339088388842072
1.1251285062114675
1.3244815565934633
1.6393309312587814
0.749815939335587
0.5344306369363885
1.804773818113219
1.1028370160764212
0.7905334542153071
0.6466068644372456
0.936056459507256
0.8546553539020323
0.9103722744045513
1.848063139233993
1.7485609672102669
1.1134174274892032
0.615411324751939
1.3985995183694584
0.8452986486374598
0.7468583562739184
0.59474732765878
0.6733471845372208
1.203457357485476
0.6768704585985006
0.687081895546072
0.718522952030284
0.944230942926481
0.5489213441234142
0.623610959972595
0.6447558041752472
2.1206050835299806
0.5645379106503583
0.5241015268770184
1.0018600213006579
2.0764030011506094
1.4059979407938528
0.6165423730006978
0.9706351220583258
0.6170866159720845
0.8058625401088335
0.7638474398964092
0.796350538752904
0.6130174411200926
1.8226937484451469
2.8253193865439243
0.7684241980306297
0.6969676551475743
0.6023239917540764
1.000015736467219
0.7970075050994296
0.5844588907171726
0.5081104563800807
0.5147344905540763
0.9303476454393831
0.7036711861529454
1.7994319443236577
1.2194264082161794
0.7353625543021565
0.9137767919926318
0.967346209582189
1.045249857588118
1.3562029376632836
0.8544054006920021
1.7805396228904442
0.5812952478515285
0.543141370511421
0.7156550926166574
0.8876758723950218
1.0984178017978365
1.1791645803579627
0.6665138452098063
0.6394988798376744
0.548846690378042
0.5265656508744598
1.3239387259998523
0.9519473441557409
0.7227893190780037
0.9914760499696627
0.6561104600464773
1.2619082987791046
0.9507230061533392
1.0277706537179938
0.5212635182081158
1.338323923274288
0.6185691213138398
0.588925834719646
0.9751391516995795
1.0036244095381903
0.8949090468951795
0.599307234410162
1.8672059194783515
0.5864678185602656
0.5196099391293387
0.7836687936560907
1.8494797708846136
0.5940500790305236
0.5467001476330324
0.8386535518451979
0.6936770866987558
0.6452299262737711
0.6184635137294663
0.8441845496415681
1.2177796817116473
0.6829153968251944
0.747172077226196
1.3771944932047404
0.9912378163450626
1.0850829725102926
2.792091774012249
0.826119657716788
1.046477386092647
0.5956929508330404
0.5687035468175736
0.7776366053007564
0.9137659018531394
1.0920647170808024
1.2555563246216934
1.8352148543202702
0.8088619918530071
0.8780590945833637
0.8798400945489675
1.3105242389952423
0.9268933560639994
1.1323472992037864
0.9061840712827802
1.0742644072437884
1.9365958380471398
0.74179421931251
1.183155046286572
0.5070309265698256
0.5864428829132748
1.0179433220488932
1.0126746426005866
1.1014377564706024
0.8186843319123227
0.5685804916535631
0.9002579589684956
1.2112804650349176
0.5503304460370373
1.9205865824212651
0.7349686114642964
0.8885266693057474
2.0573371837798504
0.5637767769704283
1.0022802485439115
0.5957466869964492
1.4500777202787276
1.0576231097553546
0.9120792027836728
2.0193842483295157
0.8346492166325561
1.1074592592566432
0.9611985449128042
0.5428382345225486
1.258441751332441
3.0239763545492906
0.8530779776473878
0.6195170402243093
0.7945520923047411
1.3474146956941695
3.1018375924743395
1.182410690909819
0.8703910047571526
0.5617710565467178
0.7858515594265327
0.5292856137954232
0.8849348021335572
1.3358454473039956
0.7449430248726685
0.6803494070204579
0.8588772951549117
0.6578660010717385
1.2403967610765676
0.5690242523166944
1.4853127847596852
0.886728352620139
0.9563082701366739
0.9997427062023689
0.6277063713332609
2.280142793455866
0.7793120163825051
0.6195322053201835
0.6198800998221259
1.9152161351012182
1.30975405137076
0.9567554863857595
1.1153573574030133
1.0651990017147455
0.9395483537181235
1.0519641792287757
0.7859200845919077
0.671903142022984
1.3152430348200141
0.5642650360447306
1.8035744926833104
0.8573663516843908
0.6754202916962413
0.9779627228955405
0.56714068068095
0.7813607417153889
0.7933961890219052
0.6581884896507972
0.7819842359158429
1.122114347889351
0.5520987458169202
1.5126712859176905
0.6511410754903864
1.1181317074812114
0.6793350106443086
0.5704909299302017
0.5667217796238901
0.6657312884038902
1.0634139670002014
0.5561596088059559