1.22819279835761
0.6652131769309193
0.7128673173974382
0.7164472948063247
0.5230377689829435
0.5585124045403482
1.3474410038853826
0.9756894342043587
0.5954718148872402
1.4435450148902937
1.106985190902563
0.5972174383102136
0.5030010153434503
0.7657911036354328
0.6739850306629123
2.928867534271234
0.8510924874819068
0.9459958437859584
0.6825410702095738
2.0736531924302
0.7776235741204545
0.8804180967918072
0.6573206812503969
0.7494093645558166
0.9601226285823259
1.390740069778218
0.9320380369506438
0.8964655325907245
0.5689984778856712
0.849986782556158
0.6913555801066025
0.5336099221235031
1.578273728293837
0.722286580562411
1.979316828715838
4.081450396536383
0.8012950959482197
0.7468389705145029
0.7527285052156998
0.55082714064676
0.5928015970657157
0.5467040342420404
0.9829183255895657
0.6670513372023237
0.9948072793832381
0.545645581489822
0.6365896296501035
1.0390211188822036
0.8960234844938384
0.9690521195814199
1.7026085874790908
0.788051939809236
2.24540373714359
2.039918182181111
1.174957184178652
1.0086433390559932
0.6664356463818422
0.5574197437113639
1.0475598178415737
0.6216189986112113
0.8095259762804972
0.5662260416872016
0.8778249484540481
0.9007544775202234
0.6131290489300625
0.6084744888858609
1.1376238582895724
1.079083685023079
0.7075345469800425
1.1082580448606905
1.3332141301370086
0.9002850194187317
0.5565651893905965
0.7370633065954451
0.9111602316387177
0.7196304646686542
0.7139120287206424
0.5634164636053072
0.7248204565388789
0.8000832380042766
0.5415495440252869
0.7666653297675339
0.7281169130383205
1.341849633680141
1.0523508236296948
1.1026213364319233
0.5400419285040527
0.9179814539050426
0.9149881218803557
1.1787752644181921
0.6407977143313417
0.9606715789549582
0.568169896836821
1.5047867474947338
0.628530745931414
1.4996099044094535
0.6966283581924699
2.7589462869208887
1.6547743180385055
1.2137703250797358
0.5627211423724816
0.6860560382859262
0.6035226369632483
1.7029002009153942
0.5636247798508975
0.5139252894907713
0.8784233146367342
1.0013397038231346
0.5408962854116908
1.3410510429934561
0.5478010069869015
0.6223836634017061
1.3140364323454037
0.6952880096048943
0.5360269462161682
0.5605788554807418
0.6677442599386723
0.5558770040967715
0.5850032981855975
0.8139663479763044
0.8084837100005302
0.7846479820746026
0.7369039643330098
0.5584329243908996
2.136895824549015
0.702334274473003
0.7704744425041099
0.8933849932964222
0.5885494578158728
1.4064762756051437
0.782227361060734
0.5146044141424682
0.5938920873918505
0.5571154818174477
0.6467886527784685