0.8615916655715912
0.7863439146298217
0.5654570469474169
2.0510071393025964
0.6777295847007885
0.504457324159544
0.5103542036246207
0.9384866440657582
0.6076753411434801
1.4965021765384137
1.1862907261955087
0.6996512488734048
0.6067725299994464
1.0775261635484377
1.027427784416595
1.000726440524197
0.7505345797255174
0.509337701076042
0.5164571981653907
0.6045825758695216
0.7565827499284978
0.500657457963186
0.7773214168894498
1.561949077861712
0.7378857678200319
0.9249879863366104
2.0228171977985454
0.5652271386910286
1.2770095771620191
0.6136544398011949
0.6533410180326769
0.8669520957849528
0.9831780674700781
1.4702982263389686
1.1566153634475995
0.666813461554554
0.5737917002015962
0.5295193781737879
1.2043961417414124
1.0434695002321206
0.8085156741146022
1.047461298752026
0.8184779516966358
0.9964569342118637
1.926397245106557
0.7900439557547543
1.2854257880362496
0.987687503605315
0.6857754883833991
1.1213551933113592
0.5351054955004599
1.844498143548094
1.037865262505676
0.5827758696779597
0.5815269950256834
0.6712555659774466
0.6899374077032405
2.189239940166402
1.471974529473215
2.049048878309094
0.9155643817917962
1.1115504957147664
0.5331640186497282
0.5188090414786473
0.7011544232029223
0.8729366837628731
0.620955582208154
1.7176473770606435
0.5273127407686218
0.660586621529518
2.025966041720295
0.7504610017569462
0.9881427617493159
0.629060514991977
0.895780487994358
0.718013301329421
0.7640353691506618
0.6848072879546976
4.754664711384578
1.599148486550547
0.6149111972810886
0.6241084797845531
0.7715258303451265
1.326826947864589
0.7107946327150785
2.152120234427656
1.8607938121848235
1.1015254582131035
0.5328023823007584
0.7193944239603809
0.5156616415567044
1.0096594761536153
0.5169793928626518
1.2284473448924587
1.8065821900268588
0.6936109818314549
0.676510466471882
0.9577466397345233
1.0137923710183259
0.9088784056421559
0.8630362358722437
0.5428853901126445
0.5485462911078685
1.661488698787707
0.6856303453035366
0.6146271798754697
0.5536074444713677
0.8653325593268733
1.010095055566353
0.8931476781277752
0.5713025643673859
1.094082131455309
0.8618784374358484
0.5515452462809662
1.2424356708131654
1.0164405085410522
1.3885056169280574
0.6683130674431368
0.8621417449561477
1.0815402808518115
0.7242324900134918
1.449313824432636
0.6695054168426964
0.5586953162045916
0.6209952308920492
1.1134979193830645
0.7550162075941671
1.010927703851678
0.7116171914931897
1.5859471235968385
0.6221636603415845
0.5005047562443679
0.5490798710405329
0.517358771899751
0.7153767533616247