0.6680180078311332
1.3137702397562614
0.6689721270455902
0.7285066490810053
1.0727963973661012
0.863921094816595
0.8818459089287582
0.5556852354473243
0.6322933363025669
0.7495006359495662
0.6253199208391997
0.6627095836464783
0.8241248092178779
1.8074983864007415
0.5480957217100837
1.0730954201005716
0.959496750492292
0.7157033325034305
0.9003055381935994
2.1002520933360387
0.6798647087165932
1.362720753244112
0.9571334109067635
0.8870412586188792
0.7689159157323502
0.6745141145498081
0.5497376706368868
1.0600602414782117
1.1176584908113512
0.5158019718087274
0.7088611178866131
0.6423396995472217
1.4495142724064607
1.1337045999853643
1.2407619383600945
0.6321204514156449
0.5523924932850122
0.6221117241702814
0.779700853713635
0.5138348626478546
0.7071291150465697
0.5379418004202705
0.6633649316870418
1.8118618272707323
0.5646158099113308
0.6606681125693967
0.6815993999545924
2.0500522573950946
0.6492404562646641
0.9634634090151479
1.5113941881049868
0.5925819773997887
0.6891526292517653
1.7397844958983057
0.7670415699352873
0.941808488881037
1.347979603218107
1.4419657545513473
0.7297787826599631
0.556053858161448
0.9436338995910774
0.7405815379873957
0.7988665305128961
0.8662022989474565
2.360071401599015
1.2132262249129155
0.6387833871503119
2.465645549043046
0.6779301824999493
1.1655424362006954
0.9118127941914338
0.9537147206962402
0.7052252337556695
0.7833427405560087
0.8589329087483009
0.5983187755063568
1.1360893416726299
1.0843810062087584
1.365323342223519
1.7198192131969279
0.5867639894286185
0.7596163243127876
1.060680236125478
1.3309717375616401
1.1716757924964725
0.6277385504936035
0.522801202160025
0.8173284481759993
0.7333812132964681
0.9880898815838748
0.5561431126551497
0.7934857789181535
0.5294702221044361
0.5095764324076981
0.6562843631296573
1.767566168281519
1.210126326747286
0.6784152574565496
1.4810945368128046
0.604408775611887
0.962233336219299
2.568374003812721
0.5974143728760168
1.8254342650498643
0.8708157790434825
0.5558164840728637
0.5143189317807355
0.9198904820515281
2.734827301758969
0.914514240853805
0.5777131164504112
0.5705777483951806
0.7879755148993581
0.7548238899609601
0.5074792228998604
0.5942774865167735
1.3918969090084943
0.5103934742645038
0.5519054126647234
0.9393721816781522
0.5132445661264455
0.6002612357511907
0.8505708134626957
0.8772108898425586
0.7179335339902764
0.6077035105501523
0.5164659868992203
1.4524369843092018
0.7251639981478775
0.646443625001325
2.795626326846616
0.6739713667981277
1.6506556637303333
0.5901337240553062
0.8823889735310217
0.9128908439183192
0.5853293578938974
1.6601430395002126
0.7520281108497784
1.4486084404773578
0.7483579077164677
0.7174304821710393
1.2459511059942656
0.6116634486460271
0.9684565624140191
0.7367449376366153
2.248056168228061
0.5124288772342993
0.6432438436120833
0.7461643946396634
0.5612006697324432
2.078328749790785
0.9411661468561192
0.8791965356721221
0.9337022858783257
0.5042829380805074
0.6294817848785215
0.7818505345989593
0.6017732503076445
2.222624244578128
0.7649330975629027
0.8903096144729261
2.664231843500602
0.8114576031878755
0.6490625964599985
1.0794689921596046
1.8889470893870453
0.9895711538850946
0.8602397041821064
0.7551589634349511
1.5882130659799145
1.1676352338717493
0.5297470679306002
0.6753007192653513
0.5843311989165727
0.6185132803444731
0.7741032836809723
1.881652132096633
0.9941139327102633
1.6339286208837507
1.1689297230864213
1.0251981662106573
1.093234594718524
0.5841277475948914
0.6786671437923815
0.8237195943522693
0.6353035536708376
0.5021042990135811
0.5371400268633124
1.569423535798819
0.6577510753412525
0.5112391291257836
1.1503577115910275
0.5629682038605779
1.3858263569090923