0.8732359708924946
0.5064807865021024
0.8481291040776338
1.1850661597946601
0.7450457320743595
0.5705446725151635
0.5305437852109947
0.8885928283533975
1.0545356445816232
0.8528288103314026
0.5777424137322527
0.7610857566646985
1.1055844080549946
1.036143770729261
0.9123859016866334
0.702914753699595
0.9715240396860239
0.6864852119378995
1.2874840520005577
1.0999700030162458
0.7734601231540239
0.7211351880301322
0.6779193292383354
0.7991922515650316
0.5737023288814882
1.2062059221762809
1.3913544493464585
1.0592711725848432
1.217849937684079
0.5041433928716543
0.6143426002380892
0.9267916364219104
2.2651959071467047
1.0971540101737247
1.1982393061602892
0.7519036161870076
0.9879924679294305
1.6998055395077643
0.5959646063722772
0.6141088440616613
1.3391965708840843
0.7810880351246539
1.3727359082503625
0.5283246521326959
0.6215008290383821
1.108894926209203
0.6621673315943752
0.7657598049414247
0.7288737823055982
0.5920414391218003
0.5135019192856589
0.910380321060444
1.5091549754494906
0.5794383838908175
1.1050659651885155
0.7119022647775637
0.5845719153378184
0.7470393838190432
0.6386759363364831
0.9053716431225212
0.5568545055643881
1.9507626683186459
1.3205709755540624
1.2218575176248692
0.5497898795536003
2.3644630285807295
0.5394730083665138
1.503283823867605
1.544263110820907
0.6989589887255647
1.6299887943281135
2.8881673359684896
0.9578688830766282
0.5443804296121186
0.6920735326498004
0.7000718273804978
1.1909501706101082
0.9085484581898697
0.5153075670659462
1.842442810292198
1.0607851810291606
0.6466262428708376
1.0190456400656558
1.4877221020834668
0.9977226948278712
0.7338522485307521
1.9820322037356561
0.576128010381666
1.0300496062567959
1.1009299217841715
0.5388171522698428
0.5930220386250369
0.6991786295374709
0.9172982939438725
0.5113670859606714
0.6060858292045452
1.0285734302959497
0.603202322356168
0.8253621326144298
0.7287174969438865
4.316737345239346
1.9333785690272407
0.9195713118916728
1.736874098719909
0.8515677914055573
0.5379624485398722
0.9915349658327273
0.5673100317682724
0.6941750367564055
0.8978208795299452
0.867595394863315
0.6584442991073161
1.0305984436491258
0.8068838470536548
0.784180288000357
0.7732396429375399
0.6004760707332366
0.5313561024802311
0.5112550804018383
0.6373600024481902
1.2462971589845893
1.0951280985370886
0.508382653202716
0.5052485452612814
0.5705447672563082
0.6609490291853035
0.8343675274336988
0.882158461805318
0.8791506834164693
0.5127320787034932
0.7019644521789132
2.1158830052174267
1.0391495029512612
1.2343019682390945
1.2776272252656327
2.1965882340427356
0.5450620781659836
0.6590046457890821
0.5023166558105459
0.5772151477755756
1.4685865654302006
0.6671345622388003
0.5326456005594764
0.6764779433272565
0.5944314042147312
0.673633056261906
0.5072106890886516
0.7745142926040671
1.6561728393440944
0.6892758398851697
1.0560918965372252
0.7924654409568461
0.7134384248381593
0.7766694461666361
0.5393672895947361
0.7610799817182965
1.2058301182740365
0.7495892366290491
1.014416535196517
0.852095416218674
1.7243279152654054
0.6429717881215993
1.497563506718052
0.7113585579581923
0.6806556623162692
0.5222496916922523
1.3468017255260634
1.3992813960538228
0.9814478377221576
1.4816790415522405
0.5142844528336354
1.3401713730178244
0.776094816397972
0.5357091624861141
0.798914140436807
0.5179688229458179
0.7027280057764074
0.7696469732672995
1.180533693224163
0.7212083335024317