2.1979246328054294
0.7924326561846802
0.5969689508340528
0.61367884483513
0.8039031273916706
0.5877698935273585
1.059400574456184
0.8845973364630737
0.6542049259487221
0.7712887622493234
0.9761961015517926
0.6150437144907102
0.5653610312099673
0.754556587875733
0.7320258298175446
0.5143845029797234
0.9207103267699992
0.5401963418507236
0.5040068423863033
0.6932071191104541
0.5643683365258738
1.0229633205709376
0.6957696509094831
0.9868943819971818
0.6162982390643563
0.6496595415208191
0.828461056150573
0.8301945026938924
0.9147050362532312
0.5286841801602549
1.5709863251712193
1.1032281996274236
0.7675143498779704
0.5966786202200041
0.7971184673378673
1.6794523426116115
1.16113006190362
0.6393476563038831
0.5184952223558241
0.8999037806906358
0.5433336797557047
0.6474725208546914
1.3749733109014386
1.9677938567526922
0.9409223367751594
0.8436118393051117
1.2621459731878844
0.6089576129383119
1.7465191366863309
2.6049811803141125
0.779143762917542
1.1228204000744597
1.4534774315294072
0.6707523010351792
1.1370467178890635
1.5786125417811547
0.7704913440275902
0.5739333017060346
1.0240265759113356
0.5280998950135825
1.5222644700583317
0.517014921735182
0.9439682403219081
1.2200357342052541
1.0869355602416704
0.909658531712978
0.7058623517809508
1.2921152092738168
0.7489113634014757
0.5192442660138568
0.6679431522515813
0.6745439892879403
1.1100894476339533
0.7692737919349213
0.7395038806040475
2.831516714587906
0.7005957293382039
1.1626861497692857
1.1920513465402394
0.8963282491066593
0.8139868819786216
0.5567334785111768
0.5620980177548063
1.1384145445061051
0.9051376017947064
0.5065476849946435
0.6661168422875505
0.5505394577557183
0.8744719901419273
2.094527123904271
1.0537055490889315
0.8979533381555598
0.5189941993500042
0.9316294347920859
1.102154111569348
0.8024469754525114
0.530417449123405
2.4350421770879507
0.9728564119213274
1.4966691745012213
0.7941634030691489
0.7627980100643299
0.5463778903736056
0.7590881684534452
0.5366434649645271
1.3633013081970944
1.1536839663625642
0.7280759025222778
1.4511239840654753
1.598141473215037
0.5772403938431694
0.6071611935156511
1.087558043601632
1.3397850409211856
0.7962837353106806
0.5113285715787583
1.8916270656025063
1.72303087423046
0.5984510289383138
0.7659166071009622
0.5867463965036563
0.5822632569573329
0.5140022155337647
1.3319486691651719
0.5052869653380299
0.5435041933827733
1.2652805307578774
0.7580042568313274
0.7678693877529668
0.7173992510798826
1.0675403179958494
1.854838518891313
0.7011098795796329
0.5028862270560239
0.8218096409844975
0.5269704276317384
1.3419915770035686
0.7008703556572868
0.6118072511139303
0.7828180377791796
0.5655008342470751
0.6295724281408184
1.1176981036757638
0.9156549104687315
0.73117819273142
0.9919595738329576
0.6006374154115406
0.5365757020775277
1.056205066445898
0.9076996868413971
0.6804592752666849
1.1610583630773021
1.449898661800603
0.7432968452078512
1.1176206815557634
0.5495909109270087
0.8681855373515646
0.7305211704036765
0.8951268327815569
0.6332643241530604
0.8155696932822138
0.6250051033367185
1.2019437450449004
1.3198900705262417
0.7309711102566325
2.1585438340624137
1.4321649747590186
1.0656064507822407
0.9639919222655067
0.6143954745904807
0.7292212206544946
0.7734790979422428
0.6006389751373149
0.5056033458240563
1.9591809217262153
1.5863766043718783
0.6877863226471277
2.6041956191407394
0.8598254713814981
0.5722820409485507
1.1288721518808416
0.6210800621868771
0.7293694900571381
1.0165670862379557
0.5902532331375028
0.7169591753989266
0.8616658369176662
3.45083020536606
1.6576734267170536