0.7887812355518267
1.0266008827618847
0.7925739502224518
1.2280659839467063
0.9497308173759844
0.6358294832029348
0.6996180240778429
1.8303430658638504
0.8019478904773116
0.9068153996211983
1.3305515207774086
1.1091912004369
1.0960120349146116
0.6362884707371208
0.8035544190272859
3.044643622410348
2.3612150857557523
1.3510138666267366
0.8675496454328595
0.8198131325458604
0.7288057389289762
0.5403103792515225
0.5497406094417627
0.6811147182582502
0.8124277729454263
1.5447275220951227
1.715062109996012
0.6761132053728858
0.5464242488546205
1.1657626541785362
0.6671277031404799
0.6762968461642487
0.7441428602454891
0.9205266172520226
0.5449949411226811
0.8081472117803656
1.5916725249625614
0.5222797439522822
0.7200107734714436
0.5674980285311335
0.6320858093425414
0.5955128811347947
2.9089229386975575
0.5213010756250895
1.8622541638517163
1.058954266643596
0.7574443522808849
0.5488258484452757
1.0792817388895628
0.7603949817901423
0.501356210910842
1.4464050007435105
0.8477882210996199
0.9229337152416406
0.572033235464346
0.8909203299769217
1.0700747088761489
0.8995929734604715
1.1520650918723447
0.6020231334895811
0.8818153019381327
1.1818470638066287
0.5858132957638702
1.2244153085204061
0.87097483591387
0.8281800636739831
0.689000642764853
0.7566519929746391
0.7741215330296427
0.6048141043301882
0.6086936394036115
0.5612111357036156
0.5946254169958252
1.0409579555160349
0.6825384386271196
0.6571341089178873
2.1324850248254563
0.6387095340677149
0.8675671075483251
0.6500783124923544
1.634617602219663
1.2434571997777937
0.6286593814780872
0.6998439989435781
0.9836661739429928
0.7001165245506797
1.324535970050107
0.6436790892311421
0.7918015319515064
0.6406437331677921
0.5972402025042811
1.361663796763196
0.8781737281493633
1.8764931830496607
1.199987473162281
0.814296530829381
0.7682725970593651
1.732867173585987
1.3357791092990396
0.8500737739493047
3.290852955237824
3.048602734240262
0.8598036655263286
1.1021382224622016
1.5276369648425998
1.7343827197743735
1.1563403879480916
0.7481889388547529
1.0985981420547546
0.5262440514611058
0.7117510322035514
0.5124181598700943
1.514155834396604
1.129074717953074
0.8563398459951941
3.3860808069024415
0.9018373695013793
0.9012889457988535
0.6278690381153638
0.5512351828011788
0.6657843435901896
0.6674660094889191
0.5536584304134635
1.3427972038794564
1.0784250548670116
0.5041250963070638
2.148906707823528
0.517451832639324
0.6875846454846624
0.7888118152994821
0.5474690375357341
1.0287248367198458
0.5646169876992531
0.5965019225940864
0.768145529820174
0.5697480013897689
2.564551068889557
0.5355346390743989
1.0671240374939543
0.5907935670382471
0.9652144300497412
0.681390259507566
0.5463578347027465
0.7175514575538386
0.9875826694940315
1.154813757398074
0.5617628552486167
0.8084884014903082
0.7714954833539878
1.0170730327384945
0.5309306172692914
0.6125211156229966
0.5180688146637067
1.7158589424272463
0.8051480267782836
0.5376706448433879
0.6011170096068668
1.3523328309378257
0.6403226760818939
0.8507899363709157
0.6463508877988602
1.1732516753719437
0.6567232174552942
1.2347185569378212
0.6883949155281357
0.7382177354382975
0.8979813209288068
1.4408897123424254
0.6653806958174187
0.9758012241468919
1.310051282695099
0.7109477158379036
0.7860984773495829
0.5275365477236846
0.6153979655425132
0.6281394198659314
1.4149193326710474
0.5753817768616045
1.3412345812911326
0.5103655979585255
1.184802980363088
0.5403882797480719
1.222063013284128
0.5629449238590496
0.9368419507893009
0.8566386275584819
0.6421420508837059
0.6937180638469727
1.0669920442470016