1.5622533321968726
1.3563458797822845
0.617263110404302
0.766555286053725
0.5417599841980145
0.5165873793910958
0.5889405354839798
0.7782395412132601
1.0260744935815964
0.6991322563039795
0.6723731857664639
0.74945980741591
0.6478398139206938
0.8551705480256189
1.1902532308306846
0.6124202991626788
0.7242949306861277
0.6700158026958718
0.619855467876441
0.5909017926263331
3.120011296778671
1.4149554870827359
0.8075752489876109
1.141017825827248
0.5190840399392513
1.0802235112546867
0.7292506274888666
0.5907466775237395
0.740431344765156
0.5972411886765059
0.857823116682809
1.1294506720943218
1.4940360835808661
0.7467003302995323
1.5375474559768065
0.6992039053404397
0.7701967453747045
1.1944522597130742
0.9911529274117754
0.8927812556054135
0.7820105470381122
1.9383079285527174
0.8138918188202808
0.6610694513267958
0.5863359518359488
0.7620982975246307
0.6495909589471722
1.2627419365392143
1.4818725376915154
0.8829473496846845
0.9501675532873435
1.323289276340347
0.6207188779570458
2.8554968434679324
0.9669563849426481
0.6144509255410924
0.5228371995258669
0.6451743636298204
1.066615098379316
0.5330670988295765
0.9291357762281507
0.760939946004271
0.7998957281538424
0.5134921448326679
2.651168261492984
0.6445936724019532
0.5599197121908901
1.3832771742178238
2.2306762755821126
0.7307551207418328
0.6737323733856897
0.6203286160324524
0.5602460930847712
0.637149411145117
0.5925286331430755
0.7711295907811859
0.8932941360605469
0.5175904775205709
1.2452480740764713
0.7445787596084017
0.5318647412157134
0.5717733046660953
0.9676451229908025
1.1770771456114346
0.9441236900731838
2.2158860012542902
0.7482794047317896
1.4492419290962175
0.651609704837341
0.9220627785110196
0.8265066869289228
1.7960669793983755
0.6544606755427367
0.5912543008770399
2.063339992913086
1.928057286659282
0.9134764577209467
2.0229692059926947
0.5941923207286095
1.1041091650491808
1.8631779429559288
0.5120682225146425
0.710184054058459
0.662132791578756
1.3451430970488332
0.7086556339905883
0.6503091329244057
0.6818849761055503
1.1146132489113825
0.5641276748575024
0.7120048699089239
1.0739998298507771
0.5082294882649308
0.6848479504000693
0.7027365024810024
0.6885303730296641
0.5358876952170135
0.5543653960465917
0.7079014294968715
1.300103908059043
0.9716448085533784
0.6714144978784589
0.7604783663088597
1.2423110519766851
1.096077256037404
0.5925883854301333
0.6129312617870823
0.6270847512919318
1.0346262865265885
1.4309148382944272
1.246529168792108
0.5197257287773596
0.5179441218016905
0.583270019692236
0.9293655693722371
0.6656137456666329
1.0532707655267473
1.3623729713474972
1.5049103320661743
1.6048273843846914
1.2847201209930859
0.8487617617839192
1.6726402978950432
1.0987977517326044
0.694496401287438
1.746476289350369
1.729915373065353
0.815379017323437
0.6111805504252175
2.6026150563260444
1.3580004542843085
0.7030211014849215
0.8597956178394384
0.5219912196561154
0.7314102257819286
1.0887746511462524
0.6023813352376806
0.6141741815160344
0.8263355561459775
1.3837476687543244
0.7211314938287501
0.8992856377423095
1.1928406937649925
1.2586270523806888
1.1483812602816101
1.2952426794752796
1.7550472894600944
0.786598422901875
0.5260346236964324
0.5312768750715122
0.6757610181463178
0.7300480747641132
0.5635276558616056
0.8224273961978383
1.0031675735335739
1.7904519287340008
0.9812200935642181
0.5035496252656344
0.5387187529585162
0.8229860292477156
0.740406731393648
1.3530574241754607
0.6143145921933524
0.6405622097961441
0.7999954155087607
0.5464158950693445
0.9401594891653531
0.8962145477137256
1.390349877607946
0.5604609907131817
0.7816849599730631
1.321986722328461
1.519091190446261
0.940887889778196
0.6820332984710831