1.1637565703560608
0.8265708383086521
0.5586496190136856
0.6394606112195653
0.8029205848196259
0.8286607777939903
2.458190436457178
0.6417582775356045
1.684127264609856
0.6436994941553174
0.9816466705351914
0.6909951723495631
1.3902761662036802
0.7411035486137507
0.9981047008322719
1.3101647221169301
1.1058329427427154
3.9250919537930216
0.9564506092561373
0.7057083385130412
0.8808369242581335
1.261309619419059
1.501940246578883
0.7966338890349647
0.5793168853649391
0.9792610723013411
0.7153875660441855
0.5221823279230051
2.119246575710477
1.2649774092532624
1.786173151801151
0.8933259911295579
0.8831941657555831
0.5557423705241149
0.6212515915457288
0.5511304963452659
0.6708024994439796
0.5075333734224898
0.5736468737854352
0.5775357259542346
1.2543895958861242
0.9410259531952363
0.8097036225396863
1.7865090543621136
0.9720129652023104
1.5411679823723432
0.5217642507473954
0.8479941033742477
1.5100865529331315
0.789468718148612
1.3003576765410116
0.546257258217679
0.9808069982418886
1.0763874148757395
0.5557633399145914
0.719096466723613
0.5875052060144696
0.9001008072436605
1.621073387115274
1.752411949147131
0.9168071009733865
0.5011141706476394
0.8212341532694722
0.5090757811045137
0.5409238280018087
0.6242401224227194
1.3498912187515373
0.9829825650327848
1.2524610850971385
0.7813553287216166
0.8307222695681276
1.1129694828225638
2.377036607002566
0.8553199548617556
0.863075523691748
0.5766779256329357
0.6347586737475126
1.5504507188273067
0.6340763167580974
0.800655042989689
0.5010948082091033
0.998304314090575
0.6188331839694001
1.0582370700273032
0.6446263710383562
0.6404502784398858
0.697199246612513
0.8577123282188381
0.7852182847464064
0.8377469213554889
0.550331469097074
2.023839151345385
0.7194876447160823
1.0272573267507141
0.5406775353517332
0.9083818069035487
0.6301933048115984
0.5992723415635623
1.020667763015524
0.6134610417761905
2.464392673383486
0.6386784861902015
0.5576332189045274
0.5932950888496862
1.0535210936055819
1.1612043694836984
0.7197135444021683
1.0355786401131013
0.6113307335890568
0.9142234528386552
0.9748309835783857
1.8201791421029156
1.1601096302780434
1.4102981232740035
0.5264251219061293
0.665877856361476
0.5574943899545701
0.6966436840629058
1.4281244664684891
0.711628113226709