0.7153477205263676
0.847334025095777
0.9767473379569127
0.7568964956988182
0.8273639393382517
1.003208410329199
0.6727913224734401
2.566796761368945
2.0593163158863383
0.5709874140268134
0.9097180356636727
0.892835000456742
0.6350252054667251
0.7496441980824642
0.5470509252097315
1.068701511499853
0.6497769008879999
1.2296140342960058
0.8434100230080475
0.6913576456613839
0.9343257034719414
1.1508143797741326
0.6876428469898741
0.7453835031415537
0.5503500802782497
0.6645536943923247
0.6500587154869777
1.5265713858104277
0.5053237324787432
0.9667012275250499
0.9599903403158834
0.5807039214203513
1.2394551141240413
0.930923704684119
0.7706296165927995
1.395365998498562
0.6480862286050382
1.2520579982936653
0.5259322088684115
0.9361312240827857
1.440710152054038
2.1716110214555187
0.8192652630922623
0.5013390320587234
0.6758231444877367
1.216276538911302
2.0499274905740776
1.9568642804747753
1.4828054406277147
0.629005440074792
0.6154518353037872
1.5459877027431048
1.1095575298793676
0.6104584220915115
0.8189892543597921
0.9049452677912484
2.1809116201214636
0.5820784683113516
1.1703329107949685
0.7855165393444565
0.699388411874935
1.4356841921293437
1.1202406089047088
0.5525663886972723
1.0873741170453002
1.3137952054036646
0.5237198953445557
0.8745765865117789
0.5843435439333575
0.7343491822925046
0.5254657807500962
1.2342505677692373
0.5888623227477865
0.5080635604872157
0.5311509643231034
1.2770592344093643
2.2216134988028102
1.444969580421855
0.6910913977624489
0.5799735368577785
1.0072403438957167
0.6513442439735968
0.6087697829620993
0.5069781590513571
1.2644266692050223
0.621099965191604
0.6350151339447621
1.0543730575409995
0.9298300918176778
0.9380322770646785
0.5380235472112531
1.8993376096160546
0.5115280346516897
1.1146494834196687
1.35381928843708
1.3893541350325904
0.8197553874521191
1.2288171922835431
1.1918304595922677
0.6437510257566714
1.8557627292747156
0.9637232304364147
0.7313638118361041
2.2057810270583786
0.8917479843610181
0.5452271573543044
0.9153369952283583
1.0482120674838598
1.2299190782073879
0.6623194857502881
1.0908262306879806
1.1515745872562775
0.5452331368292107
2.9311677961048304
0.6868732603228977
1.3464951479612068
0.8270089030918939
1.2421156934389046
1.9055661497578171
0.7252295915514537
0.5546576004052781
0.6497206547873589
0.524290231349255
1.0172467109433114
0.908791273498764
0.6486673396771607
1.8125763001844462
0.6075486320078767
0.593943135223924
0.6203878712686333
0.7385229818631274
0.941570554162638
0.5411251924504086
1.180317046743312
3.167101431919207
0.9081632928413796
0.7051539462577239
0.8014362241457889
0.6848368599617629
0.5218833239782725
0.5812954355279771
0.596748464184202
1.2351002200737753
0.9244467102297449
1.1767850188610396
1.4057042915329134
1.2936692853578506
0.5152890475922618
0.6207490486786469
2.064789956169591
0.5140246874975674
0.5896981674351878
0.5714564631402368
1.252702701883834
1.9140891551782033
1.7058623644610975
0.607817291535298
0.7753478137508409
0.5181060406784468
1.803436823901734
0.9838019646025487
0.5771945019923805
0.7435368585681772
0.7201041749411843
1.928243471615815
1.3442718522572932
0.6418304573951445
1.4404555455359969
1.7535991365764403
0.7655175169124959
1.5459619995901903
0.620874379267434
1.1419067186174061
0.8300345653840395
0.7247929568513882
1.3659342260227731
0.8093948549910692
0.515889087655637
0.5345416173620379
0.6540765996525124
0.5587097854684089
0.5383195634763069
1.1856741810242966
1.2504510932488984
0.9940841125761608
0.6093651503749697
0.9025945753563747
0.5874144107966686
0.6191134508144387
2.555803449999644
0.7852916103433927
0.5064709314036691
1.4964590746219528
0.5685334057975524
0.8930978452560794
1.0457892715935486
0.62986324823828
1.3344517636236333
1.0353801042846271
1.1933988017569845
1.403189571439043
0.8614077719292936
0.6964936430430271
0.9372841421275098
1.1593350138147116
0.9545908479386753
0.5173765986628496
1.358502485145209
0.6490130806091656
0.5704027186679923
0.7243585743831318
0.5939122943066195
0.5308150464272785
0.5663716610713436
0.681813750738911
0.7276408018360598