0.8329472081994492
0.8166783087871692
0.9413091484016363
0.5530019392301968
1.6920659000089948
0.7554932878013574
0.5132330665297129
1.038683599930117
0.8262381262078904
0.5269100870188765
0.7964239430745934
2.129638136376901
0.6999237758524188
1.1411793666775303
0.5483952093213489
0.9335184313336384
0.6156344437900501
0.7388794241629739
1.167608173875422
0.7965142173563464
1.1075078530258509
1.4522734859158106
1.401092951174867
0.8389914261624156
0.7216689283596409
0.5581482021217496
1.133957480101948
2.5533258871578113
0.9111632572719941
2.1843249763358585
0.6444499952235105
0.9468957217901561
0.7987239017922718
0.951719929803545
0.8300817205558388
0.9525282416076379
0.7895730047044651
0.8247397450811178
1.5151092797611199
0.5195758881211106
1.7785028463861323
0.6205569562441298
0.7404816701074708
0.691704353837622
1.2053004584075353
1.2761887586411547
0.5753901168064317
1.5600718232773545
2.3699886637242287
0.6301164814733511
0.6274954462386972
0.6140985452966845
0.6145499764757005
1.1519869391748614
1.123907959475531
0.9535969160976663
0.9327371611529145
1.7045151775984948
0.671873737978558
0.733035648634484
0.7407423078405202
0.8878145402197504
2.180886545628283
0.8338761316447574
1.3398885664670956
0.685553087730483
0.9164972200799752
0.507924451767451
0.7515018667364757
0.701040570543995
1.577223494738945
0.6931659194327437
0.9746448915066424
0.7551915627115875
0.9946561428712073
0.5474502297750803
1.1877905217202454
0.5722844988627287
0.7388469100083057
0.9837269116792129
0.5569701572682391
0.5162111853346687
0.5525899885504373
1.463007635338812
0.8606900694111062
1.4045179698941297
0.5020917992475518
0.5511577379139965
0.605154648926856
1.1633563497113926
0.5241240523519366
0.5148287062073109
0.6444120322507274
0.5620412407708386
0.7182361454254078
0.5652477370585984
0.5950829991481896
0.5038043805589609
0.880464816713129
1.5640029964815767
3.1877883428911105
1.0997786117533224
1.2119578388323475
1.6779504854387142
0.8978627380637931
0.703625544693466
1.0050102567852832
0.7786946567184714
1.1594319020009607
1.4888243489090769
1.015644609006472
1.116382969371557
0.7803555744731057
0.8004177643963999
1.554598713782923
0.8924454930563002
0.5375257078455888
0.583554205144992
1.1966618482087483
0.7878039621606376