1.34165102444371
0.8173667209469739
1.1245954130842275
0.6079024240878272
0.9875640647567963
0.6745546469310462
0.7733849205465315
0.777136756181438
2.413444451487866
0.7138237136150778
1.8084831022646632
1.0620027291591647
1.220725350525882
0.5287165825060072
0.6032618497851132
0.7090348904067554
0.6895225321333385
0.5236716121496627
1.8438196172268917
0.9072443396916583
1.422012617953527
0.6501490183506249
0.8357788994634419
0.9496583535979468
0.6714758242100984
0.6673653157222077
1.0168965496571047
1.4581837365140586
0.7429903159936089
1.1911585126899524
0.9334693916540857
0.6507475290384974
0.7886611680203544
0.7147744973008798
1.8409851074551682
0.7445921986750648
0.7546249519175205
1.2162172921419767
0.61637719559549
1.070840316508452
0.6055540455701731
0.7864008838105008
0.9207391899260386
0.5035447104996678
0.6088454842120399
0.6923689651296883
0.5297704272484935
1.194181047677219
0.8462818752004182
1.6224423181914176
1.453784609086341
0.5866401448413683
0.779921231060257
0.5861759885198126
0.8829305092355639
1.390515377872788
0.82310117261855
0.837608911517691
0.8057441647971473
1.8056175520389957
1.050878225656561
1.8046004829033393
1.3433648744005495
1.1525165924349494
1.0409472596053035
1.5095137650835113
0.7538234261609489
1.2891102402071795
0.6334395120539114
0.5131518055638367
0.6459429059935076
0.6857347715282458
0.9310036238020132
0.8309463839478894
1.25096780591565
0.7382385898056043
0.566838353826455
1.5913194351158495
0.6316319031735986
1.0789182678057045
0.669156212876004
0.5517781612785768
1.146455282540785
0.7993188525139487
1.5678314047787296
2.9942000532970496
0.7020406083539967
1.6885607011381296
0.7021433933453238
0.9360701944564767
0.7661561700817856
0.7415054764495608
0.607029707568131
0.85181527210392
0.5581842300646827
0.7413671054048905
0.764689111271764
0.6799978330865315
0.5977547678645578
0.6340278379856841
0.7901677007815238
0.6643027742543381
0.6448333084545084
0.6633169234885372
0.9737317846107203
2.360625989620644
1.142156334423703
0.5350778493369717
0.6016424953663773
0.9052030095989494
2.6471261994034876
2.4004340812798546
1.637341341372803
0.6743783223476498
1.4791941871953895
0.8116137250291331
0.9093639423975333
0.6219110338892619
1.2438280245746682
0.6826750877328891
0.6784530587702875
0.5058524342434225
0.5713255720571624
0.5206274090858756
0.8853696549793426
0.7984935333086014
1.5359124359405882
1.255398721902111
1.371860979416283
1.2719526107350134
0.9642387926443234
0.7825564812136463
0.7734390753582829
0.8846305400008987
0.7108688855947207
0.673271890605406
0.5688842487387546
1.1127401845670875
1.08943352885683
1.0458603061476879
1.2740493943085198
0.8345340639654637
0.7887906555907307
0.5524348135222681
0.5134479491583761
1.1711456593986895
1.03122811759755
0.7090164498425224
1.17897482508954
1.0073002925493029
1.530246481922802
0.5824027120050346
0.8528701066968551
2.0147509789484275
0.6683365647409687
0.9641548988703335
0.7148337118220525
0.9980137975148295
1.3249877091377584
0.5054781744527759
0.5607812700912973
0.7085255320373562
1.0305906628390176
0.5589272790824111
0.5289943350726958
1.1139237149226346
2.0705071335724483
0.7707262980496239
0.6548941268252975
0.7276828566950826
0.7309866421107927
0.574391325960903
0.7665781986395928
0.5016724065849871
0.8441761329438577
0.8266462527709564
0.6199862981077331
0.6352835398795946
0.5051476545287414
1.9270166854104218
1.2507331570209317
0.9019232176630112
0.6865880135761699
2.8476956491271608
0.6515762090209591
0.7204235983507488
1.103957534416395
2.213567666649965
0.7080050669519551
0.5681593676606553
0.7049423829201942
0.7388771239798189
0.5645915465393045
0.5572245379503329
0.7537350633366486