0.973090828674378
0.9766274127234151
1.1212734624587082
1.3954501643894233
1.0315463653403683
0.7309970604329834
1.1058797571715147
0.6727806239615788
1.2660498734602896
0.9521770340355502
0.5284218029673298
0.7100869741420581
0.5247608705281408
0.7842866957969363
0.7284099918947078
2.075208351824685
1.0240848347688
0.6806889373490037
0.8272834115902299
0.9185788248096429
1.1506295359592258
1.147853472673816
0.7552871872939022
0.537060767903796
1.0214483767372258
0.7576942108153446
0.6843736704223602
0.8027976571900695
1.3234611249273485
4.438158624772512
1.128590157413214
0.6403858841716783
0.5384896526093428
1.364072350449618
1.0984278141576738
1.67873928282836
1.0003710153143288
1.0073655238023775
0.8950109858644169
0.575583677560985
0.9218814145414456
0.6151410947386751
0.8506703957930029
1.0059795352670449
0.6141071741495239
0.701069106296984
1.0307384193828284
0.6658880006761478
1.4101138002747007
0.9489043890754942
1.050593543730315
0.5207478217059816
0.8093569940853627
0.8824334920278716
1.1778099987798782
0.6853216370678297
0.9329951130755489
0.5430851052911407
1.4526943646235395
0.6040528065504418
2.860048781307455
0.6103666621849584
0.7442199553024693
0.9884378235214513
0.509019828940211
2.138602944462548
0.5178349756563421
0.7067225401443693
0.680485813604264
0.767225965423961
0.6312808611662604
0.585365070281739
0.7548144089814741
0.951155111493506
1.5263867989487494
0.5073532490553134
0.9013159702063263
0.9576204593292914
0.724026009819454
0.7075713189204293
1.4042566513581392
0.8664132498032586
0.6990184062758544
1.1088748347758042
0.791229892206843
1.4640695200109803
1.0019079308555092
0.6082657000807785
0.9371352475283174
0.8595221272495337
2.135896718568233
0.5967020981644282
0.9567806565147521
1.1786753623216555
3.053981505069146
0.7069303010199519
0.9385797230327171
0.7079538505341816
0.5866636157131779
0.9439993424515478
1.3293699885103933
1.672004605903112
1.3729033947247444
0.6768886136031824
1.4851127427261872
1.9682951089031349
1.2317158095426066
1.0984569639389292
0.5066467577635194
0.7509890179178456
0.7169066888905036
1.5701787949650452
1.417132221563861
1.1048174018127384
0.9654481345220347
0.5473296034434725
0.8649966758401888
0.5237380621492775
1.471611753655111
1.0092798514701826
0.8732184469649837
1.9131194476541395
0.8883372247905754
0.7571781090836112
1.5081050772769231
0.9369022344991436
0.9348821079840945
0.7477285254994968
0.6773362595967001
0.5149367952641342
1.722014059673711
1.8032889872121132
0.6621097895666708
0.6387451745246153
0.5420899694255468
0.7845865735324651
0.5375669531917993
0.5442926696179029
1.3113483290647991
1.1046891642602077
0.5607256073176359
0.9663585369490875
0.5061045403111848
0.5088186064361935
0.9720791314714461
1.4258038692479431
1.0905481300952715
0.6393520679375797
0.6959884103180229
0.6611078429009467