0.6525058625618994
0.9066349751915834
1.1542706388359072
0.6965584385685197
0.5521141604173998
0.5046471562257633
0.5501935158652085
0.5313279793385988
0.5450956767216262
0.5322995057494033
1.0664961782588485
0.7314764818274497
0.5060467174505305
3.6327603441438043
1.3903547884279632
0.8165400222189376
0.5501898364354432
0.7215979256661669
1.0346077159085283
1.2834649741958444
0.7555471735288322
0.5550701594749441
1.1529640559151488
0.8823566636094284
1.1144667359578335
0.6060319061966624
0.823215369690999
0.7778474332352374
0.9763068715072336
0.5129363539439851
1.3371874851791006
0.7857322145698191
2.2941565879374792
0.8409422348085798
0.8632057627613818
0.7032563136100691
0.6159511999072009
0.6405687109298839
0.6332288543706994
0.5707524817408256
1.3649495674494005
0.6575818523052277
0.6556136532222041
0.5646132926102752
1.9929187776956496
0.9751945829246011
0.8554914911513976
0.6687994218112294
0.9474009144800277
0.5806697060149304
2.0716009932445445
0.746948243311067
0.7693289682839861
0.6783194058740776
0.5281258631910362
0.7534645684738166
2.7956792563850854
0.7843928354407694
1.1909862058383567
1.6732091104690596
0.5542529779058043
0.8203180545687871
0.6476776085065126
0.661751439314969
0.8527064096828383
0.5680025959537716
0.6538841373087507
0.6967547079044039
0.9632150859530668
0.8818327039876124
0.8677866277726025
1.5842302984318906
0.79014849003309
0.5625474420493788
0.7444190999809734
0.6130640467578985
0.5480405122668515
0.6630070139357542
1.0603415452255547
0.8257674964591502
0.5178032035192359
0.5015751658598049
0.7274695079107687
1.065177246268945
1.8488504139343434
0.8144699205838322
0.6200588589288145
0.7408707106236534
1.531618558672477
1.185106546798977
0.5503024907878853
1.012781915646741
0.7269527327448486
1.1020157274979283
0.7738060046460191
1.3807749443294597
1.1756003962379395
1.7178965242034678
1.0413617602485488
0.9018184408935213
0.773213464033347
0.8045271074668108
0.9431035069686118
0.6367078091478788
0.7950644943460929
0.7028542488417315
0.9124996627697328
2.7917211078699324
0.5678745154365288
0.8272010791094999
0.7340731594960062
0.8988559885855238
0.5882325804084303
0.6384026341702338
3.7146973228515776
0.6608129978673105
0.8253121782503854
0.5320767048975767
0.7286544680752627
0.8268310257286657
1.247492676704951
0.9667584212167526
0.5493940466737968
0.8650276731337954
1.0269043358012482
0.6063935627857404
0.5240871441041577
0.720109224503517
0.5985645969190045
0.851934386645496
1.4839300895438328
0.588809227659965
0.5088057124263514
0.5401901646914666
0.686296000451307