1.1883480068833625
0.9007365371249803
0.8093658460010174
0.9651688631843953
0.5023407434327556
0.7084694162972305
0.54288523231601
0.7444306683521624
1.033779374234303
0.912270057979228
0.5064328482558338
0.9730674326690192
1.3012086159156802
0.6061528295828005
1.2712613701248259
0.9259156234807691
0.6653198547793693
0.9575598070888773
1.2839666658580668
0.8399123608648082
0.641903434984826
1.1273175650774405
0.9592971403277133
1.1021114064440027
1.3692824794803329
2.4729297734273743
0.8155615467022983
0.5765413466113358
2.232794085553479
1.150803534484936
0.5988053410164014
1.0853970088042075
1.2296046785681511
1.5945081456527816
0.8653261811726765
1.154054937108583
0.9987534201748502
0.8556417250852917
0.6753489761037628
2.0955810555225725
1.7207291366086253
0.5921028175015408
1.2994281142176618
0.7437566770218211
0.6891505421911006
0.7131948252155524
0.5818793058282097
1.3095486844712951
0.8317581076859568
0.7121971541398011
0.709167432121447
0.5143994241431358
0.6601709158759377
0.5112842775470483
0.6531761876872793
1.0871199785670171
0.5819679155994493
0.5087933926692187
0.6065436761209924
0.7802983808358874
1.379053094886217
0.7303691800183856
0.8297408262404531
0.526962896938528
1.006689976547733
0.6850566537723637
1.5752912359175184
0.6821328518378778
0.973148846708483
0.7112356380972358
0.5230004787107987
0.6754435296693089
0.5837124101098823
1.1812273631915104
1.1225612101224556
0.7674654185113639
0.5589506577779275
0.9176936412769123
0.7044067785024595
0.5186274419202448
0.9730749496916076
0.5005058510637923
0.6879342004984039
1.0370290683931955
0.8230498934660773
0.6038572148585217
0.525120600526293
1.0437615156977529
1.1500506295058415
0.6985816103029379
0.6756072427914717
0.7074660896432761
0.6889608642903227
0.926224055969584
1.9328273306514632
1.190004665976545
1.6390239335091508
0.5831024272751222
1.0554006913680212
1.0099613842218673
0.6002783229335478
0.8622863742580194
0.5540862005836402
1.4323802534817673
2.915690751495447
2.1837658755516713
0.8000683345626953
0.590206531523279
0.5196465639153303
0.7625763445686289
0.660145060801085
0.6752597920019525
0.7680831795410086
1.0897262167301847
1.0253264051015094
0.563602492648613
1.7057681521114318
0.6325620352358214
0.6088400637216864
1.393078471057379
0.6817996051212276
0.937388244210581
0.590479863609346
0.7435734352590089
0.9368608691160034
0.5489194814692837
0.8869215392059004
0.526606761354401
0.6456918084077756
0.8525801817602314
0.702956170192067
1.4903017540474366
1.2801074680167517
1.6686528510623475
0.8735567422811528
0.5852426632235392
1.0844817993066727
0.8106875482664577
1.1613569038764808
1.7011346061727295
0.5969099284371282
0.7278703256578183
1.23600424488626
1.2598334763112575
0.5500904009261376
1.025368589831146
0.624979874312146
1.402271071660948
1.0890101821440226
0.810286641520122
1.318783927335403
0.5508808970732275
0.6071643942609057
0.64041630073541
0.948113762333378
0.5369313991998865
2.6355527431857695
1.1351099500029704
0.8521273786091683
1.887722700253903
0.9488211803496824
0.5798332471317735
0.6479520808714483
1.0001027606930961
2.076943084251525
0.9899599360172715
1.0362886348789857
1.5880691438832741
0.722902966691322
0.54327521584122
0.6427064181582409
1.4471050759667605
0.7762244913071186
0.8941092107327222
0.6310934962158967
2.567799201286448
0.8496958793272142
0.9595336144489011
0.7838420687306211
1.2038979690449878
0.5993880597722523
0.7356523144840139
1.6385531249007386
1.008467309941068
0.7500489653651243
1.2841847223917284
0.5713722920660871
0.5228520198259616
0.9637562378726443