0.5279062916875376
1.3931871679734038
0.9331956454770989
0.5733744208303291
1.5671430120017575
0.5091029166198187
0.5544466565466362
0.7121156534719226
2.409584651310663
0.9671913824017331
0.7469744832794305
1.0186689092915806
0.545609705979544
0.7377884540685073
0.6800692689171939
0.6268898491589994
0.7534784429443917
0.687704234619126
0.6459835325798551
0.9764586360100012
0.9946282275516509
0.8835819138889249
0.5745511360160549
0.7144125586035273
1.232180449748789
1.9059121299639017
1.5322518316372538
2.6400717235875533
0.8775910948350258
0.5770714265709103
0.8538852552811136
0.9069448111219458
0.6994264286012566
0.7279879105795715
0.6685726500683415
0.5220686922809676
0.6421549403239482
0.8893751139382857
0.9076051392859625
0.539728777043365
0.5496332901352758
0.7346935973613569
0.5961174672526539
0.7977432568407465
0.5239439461914515
0.5624846083647981
0.9569654592388588
0.7915490523404145
1.3098740715848578
0.9414409799885419
0.6901706549898421
1.2951341605275957
1.384042275315366
0.6712141763195092
0.8609985017038468
0.6650679405912001
0.653075892245397
0.611983204730052
0.5712064194036088
0.776231020383733
2.000496486160017
0.568998900982649
0.5180302738496039
1.2667087619158792
0.7217525226735688
0.586103931705992
0.6810946539135614
1.2604396571945529
0.620089665763004
0.6248824003989455
0.8875168640301467
1.2067189685278663
0.6185936042515721
1.5429327163947448
1.9568706291714761
1.642310448645361
0.9569715821477587
1.1705767689647644
0.9239583859884419
0.9479887465273009
1.3611661917824165
0.8359798691752189
0.6723540702324442
0.6342821142971786
0.7084474059156207
0.5297395012740367
0.7005954316990142
0.7978384249603039
0.6548990261274241
0.5298203280505618
2.2564528833888176
1.3301290485626396
1.8437207344410353
0.7484484325088943
0.5545398449678487
0.9149640044003604
0.7151594145272213
2.0239243436023173
1.448915214462943
0.5759217384823501
0.8741112397964343
1.8869670686898417
0.6381349197995405
1.282201242726444
0.7638320657639497
0.8894729271623874
0.582521085922906
1.2607386366693163
1.2267386283998007
1.4914436111905047
0.9135274920261622
0.5639665258851778
0.5325268183017329
0.5359170589937321
0.5758866643847682
1.7640862189996938
0.6738477799898419
0.8581410353482966
0.5688685722863056
1.318970348779942
1.6773409142631408
0.8937835599473942
0.7031516225461587
0.5028254774951506
0.7103258305094755
0.7225648648873175
0.6442033999663863
0.9457624813013581
1.3711801265403665
0.5920651481501977
1.228963887311238
0.8769762694889209
1.7502019279980914
2.5302420598555386
1.0761170152795216
0.6652276757890832
0.8905664377506355
0.9627539519937045
0.9406705586573594
1.2006955050760553
0.5279017644309647
0.9145874526437865
0.5744655145290949
0.5621925546765851
0.6325010563670617
0.849196013092012
0.7257431354426558
0.7544360219703776
0.5939477843835448
0.6273140451925201
1.1791853586527736
0.5502458576780782
0.5557364002724512
0.5266617152427102
1.1000433262607316
0.5843334746351161
1.4800302994891013
0.5425668379421609
0.8574673392522527
0.8471574202186503
0.5572473203978916
1.0973818205181374
0.8973927502261745
0.7962549253766724
0.8231359429972258
1.4706320057705398
0.6060209101506757
1.0365036948076067
0.896439687046211
1.0122358183288611
1.104164435889686
0.9687052876153643
0.7369990971591278
0.8926405379825155
3.8625677956315485
1.6195276510628105
0.6363599782760616
1.2707981251822957
0.7703064049330806
1.2634029292171363