1.1723867304902695
1.640114268324215
0.5819613395349252
0.6389092451417362
0.6918819718223759
0.9718593945969349
0.8060919301805836
0.6325057318062477
0.5191306738124766
0.7400620508133926
0.5384806383495508
0.9398533941515765
1.637498079356451
0.998152936348653
0.8970148327590621
0.6974248854347564
0.8615389956860184
0.738718785935653
0.6692656404921422
0.6447558616418618
1.0911246827044465
1.0351026839462847
1.3482968986561659
0.7062209574578233
1.5015076607117521
1.1321870773796547
0.6185537129104546
0.7810287340833639
0.9861020898227508
1.7347728758242624
2.028424208370865
0.5887019098835964
0.6416142439573207
0.7986001109427718
0.5807420016070637
1.6404491376577397
0.5138906059095945
0.6536449492171243
2.0511932634660894
0.7036087504859694
0.8110056339422442
0.5976508569922601
0.6729112269703421
1.1221753220639954
0.5982639750524754
2.23838946225149
0.660269216426542
1.2004762479432145
0.6925803105182524
0.7297766280787243
0.9147001373536341
1.16534936653332
0.8003721003194073
1.0432952343932698
0.5788059574861961
1.148813896287976
0.7946585271680249
0.520364668814068
0.7291382325787197
1.0235847337701216
0.5295854497310586
0.5040952593811028
0.579557642848755
0.59686217632904
0.939212225535897
0.7221678265783567
0.5107384938235953
0.9669468445132452
1.255481719705557
0.8621064676577816
0.5166980956371674
0.8107325998740009
0.7740084283198883
1.0892821641459136
1.0742769916946031
0.9089707513124665
0.5437769339851286
0.7609578642537258
0.6916097103367065
1.6850157216249215
0.5897531699909564
0.505358137547546
0.693274217279054
0.5324922675418406
1.4727525992772996
0.660638511231042
0.539402318511577
0.915864031896092
0.6240825863567352
0.6277687516973174
0.6026047100424421
0.8734169480957803
0.6997809646959752
0.584160468920544
0.5829416425120826
0.5030612080436754
0.9992998328324916
0.5837089230653305
0.8471015689526098
0.6348116930440142
1.3027419145777799
0.5000643691810751
0.6172052500335212
0.8241190652986461
0.5575083612910134
1.2869543033461923
0.5852116551625954
2.0815559485317863
2.6831877732389557
0.9303797254399342
0.7566024956946649
0.5190502842446563
1.0380913858448935
0.8252209655001366
1.2249934398143978
0.55714166240233
1.8494878401421602
0.5298400846510276
0.5572185873213016
0.9385635859858894
0.9190162189997864
0.7285821656121811
4.951425611775278
0.6088954699405349
0.7521052087881799
0.5474457977594511
0.7899089496352758
0.5246978557734678
0.5298901867265045
0.541094718460613
0.6022201257134157
0.5260173417520946
0.5186215832335961
0.8513451511288395
1.0994186677356765