0.5160289092240558
0.9618973024954869
0.6070790728708895
0.6990574696706915
1.5732014684341404
1.668240571849779
1.1140944373582826
1.4265838793388994
0.7168745521783535
1.0830418687873262
0.5781149417471845
0.927585017711273
1.6768848717606701
0.6626666759551512
0.5435770441099592
0.9805147711457778
0.7903887533860896
1.7844508763236036
0.7660344527652185
1.0086750187741913
1.8105065502081175
0.6689959133065599
0.6098128211155256
2.7119287162962564
0.8075527379307914
1.2298450076657588
0.5518540014622317
1.529542904428581
0.960414360562865
0.8582847754517502
1.3944985496837035
1.3187554077725139
1.6228842072788296
0.5365008173923798
0.6501348934689162
0.5664106623269589
0.7914945429196365
0.5907868161313701
0.8104707030559126
0.8048401467236772
0.7619456419007236
0.9157847429080164
0.5720968654582634
0.7078282714201123
0.8697979877368027
1.0979043995062625
0.6463900334153436
1.0262109400877648
0.7742310851585614
0.6512770633363516
0.5560752885033367
0.7530110229391482
0.5545577612595594
0.5919765161953023
0.6589124214329729
0.6250067234566643
0.9461600170843951
0.8242492821915732
0.6122864141249238
0.7236459736916743
0.607685394863978
1.7444999173115718
0.9018455861244945
1.2260436266866748
0.5278239439020922
0.6080299717920923
1.260848338063198
0.6649804366658998
1.1580320734445024
0.5540092276105781
2.52770643961685
1.6241998475576054
0.6474261600433522
0.5874176525790347
0.7161357911040511
0.5915947731772349
0.7509104060839888
0.7647848957053327
0.7631291360818864
0.6418901624410296
0.6432701514412145
0.6568137302542425
1.2862112761216622
1.7878384251637272
2.1229490041280314
2.004590640577419
1.0633552640435937
1.0271111436401839
1.1230756252709284
1.2514973356931591
1.0614453024999193
0.6203822774442642
0.6799466480393335
0.5865817654266721
0.5678279064121625
1.2470930204742672
0.8265841555888755
0.8629188512374526
1.4817645287905066
0.5612177103198519
1.261593701639299
1.1205334850441773
0.9004928809781063
1.0342905119198917
0.5582853406160098
0.8296634939021033
0.5107158764747624
0.9287427744612842
0.6953208769319303
1.1597384919613205
0.9174309056788843
1.4343528073395078
1.0833834879517212
0.6407613950368614
1.634591357499005
0.7529490374128613
1.7559154280117468
0.6642946748708027
1.5290929692838517
0.9578881537825623
0.8333598980676697
1.4245018153573596
0.7019839710384872
1.1075738288155321
1.0061653126025476
1.2813216013393571
1.2442260657284692
1.8809612213171363
1.5147661595992759
0.6725975304520944
1.0014074966902626
0.9617222656842728
1.1439224843510374
1.8141713162895599
0.6708409724967055
0.6806642610652602
1.5854345897169537
0.6175226698263714
0.5492155109119494
1.072690164221001
1.1390008074515663
1.0698699510977576
1.1475598123277564
0.7278136580354158
1.3433190751555912
0.8824077787704709
1.2621388978481605
0.6251079778026565
0.5190989080036275
0.628013848971591
0.8409468212792035
0.9345810303277631
0.7489104872475423
1.5499291181824901
0.5731801114408768
2.110854003523741
0.6991956597827311
0.8270102931344923
1.155714978248966
1.7448047716092105
0.5032547320086564
0.7429523201335542
1.739934179724628
0.5668230692181169
1.3984007883974527
0.9896088297603001
0.580461363317454
0.6184452226671056
1.0296568854729458
1.3228367199312743
0.5243696137225697
0.5888197957798411
1.2436475461581722
0.9249668925824608
0.7787478566391428
0.9090295952562428
0.9937216125281338
1.5644290942805128
1.140709516604943
0.996449358835207
0.6715440845849798
0.818611909411743
0.6015319547640274
0.5180573683344392
0.5606293258716732
0.5103765031893772
1.0423019781670746
0.6593969837925897
0.6612786077187138
0.5607814494161403
0.75148901015109
0.63229473463457
0.5234206624753597
0.5540873930103771
1.081175075363035
0.9018508475278395
0.8173535981752593
0.7454423946438737
0.7773575558102266
0.7227253271000791
2.336742830014259
0.9823452924448475
0.6190149427852703
0.743173832691582
0.5697607050634588
1.2365744001738221
1.2782526919492057
0.8901241590756399
0.804864645045086
0.6428562670149631
1.56915075456277
0.8445019506261815
0.8470786549553395
4.266583703802098
1.205991232687552
0.728964069390031