0.7297445396479358
1.0881215857892474
0.6326367100723731
1.1254328964276983
0.5181323565569667
0.5609392305746681
0.6328519412764066
0.5048373797593833
1.0883226937306532
0.5600818511060943
0.7428709563645732
0.6756486439730089
0.7176028190223533
1.0845864171985653
1.3882849576082776
0.5017444191380918
1.14097768012752
0.8279930770812811
0.5273291203962174
0.5385862829136983
1.7200730641814346
1.4641372237763406
0.6248851089569314
0.6741539042261167
0.609301446253383
0.5670947503957393
2.2339821553836288
0.5017413645075663
0.5135293284620701
0.9876118108518313
0.6094096100147368
0.7321979443929081
0.6904542273143903
0.8598428315186339
0.5317680885262206
0.7401425234618415
1.2693122551521014
0.8188999826063679
1.115127524506434
0.6276372308637548
0.7692288980959461
0.7309694654588412
1.1041493699203215
0.6653847047854953
0.9298957972451234
1.204573966704686
0.5661567333548021
1.0875849836959048
1.7114659234103442
0.8833685460288052
0.9048494804804363
0.8506129915850806
0.7462799603693782
1.1478085952182369
0.6788672764569696
1.1220227193835797
0.5176087217331826
0.5424440315261165
1.4597407054150722
0.8639300134087193
1.3534759172239035
0.9225375918410066
0.8309654397537543
0.7697325437913491
1.3572390248160957
0.905899494216527
1.7119872768606115
1.2157406703624645
1.045080014920444
0.749070268361919
1.462178816460721
1.3636240342760004
0.5155137237754275
0.6598080652136673
1.0781172191097141
0.5803163141156062
1.4050173989054713
1.0768322474112324
1.019721604513137
0.863649730571467
0.694521867474208
0.7479799854539237
0.5377056675298775
1.4941773850354139
1.5725934512337858
0.6521340607761204
1.7720229233710825
0.5514861378558749
1.054499551831782
0.6009628681615595
0.7299696537493787
0.566596937880604
0.525435082201966
0.5798017209963859
2.5773446114132526
1.4305105583768523
0.5250287837641281
0.9277394581927751
1.2041392624973355
0.9655216375044233
0.6632948503651619
1.611577845360955
2.291819690014961
0.6720171458357527
0.5016045039343453
0.9703821059525239
1.2646220953163265
0.6869378283873289
0.6753208784944604
1.343049889605993
1.227218226474406
0.9008101953231176
0.5155178846486592
0.6531563475655844
0.7206951756097055
1.172950224096894
2.0314976821387063
0.6551359429059289
0.8994867862443812
0.5235928762014623
1.6733315478587656
0.8744983998831799
0.6158449349122748
0.535686908711682
0.5069074663858828
0.853341170538215
0.5783560587561283
0.5502362691017879
1.611770174926903
0.5060733022776276
0.5051229521257596
0.5904642176144534
1.0257835955234214
1.349545369615555
1.222800409436445
1.5347337237700458
0.8408522779161558
0.7003121532367231
0.6225951630922282
0.548304689216593
1.7463687932408902
1.393248282195998
0.5221568567763484
0.6009960277500568
1.1497146476405646
0.568587784194392
0.6826116183175372
0.9130271888286074
0.5244460218033851
1.2416152792861226
2.243060623711017
0.8997313623051468
1.6798791223685043
0.8947970271862005
1.4815556045332983
0.8989051355467268
0.5173723944972721
0.663844559879351
0.7853541506917736
0.8812549398267038
0.5658616578396618
1.1979159545531388
0.9856886224117716
1.2333279934372285
3.2701919207740957
0.695696363889283
1.377971379413907
2.223178625912851
0.5616779431451278
0.6869760016112423
0.5478329782011997
0.6412762710184552
0.5453262040543905
1.2657557381157858
1.2562365546714318
0.887177416613099
0.7516696546953199
0.7642317405950507
0.6258649474488038
0.7149650370093923
0.9052440986280317
0.7161246450598355
0.5556490786551649
1.786966298944094
1.0689838873443023
0.8365666015672559
2.3379120981859387
1.229237927680515
1.592462103577418
0.6348424482038126
0.6248250176281545
0.5924810698662668