1.0409908269033747
0.5739367809947371
3.249539755089856
0.5340885952168435
0.6546394474525492
0.5641346758643362
0.7765531981992488
1.3224119200893512
0.5202200768893057
1.5550188699702616
0.9635860419610154
1.3033605754180329
0.6216399824106844
0.533647469210365
1.3798538446621933
0.5249030854190195
0.718486063829971
0.770277358542053
0.6898623871216145
1.0796515653728136
1.6759857994158338
0.5037258151468862
1.009302978302891
0.989764085727181
0.8157538789610754
0.5687817213620576
1.4279492705612356
0.7341204061070243
1.7783395436637903
2.554617993777981
0.8019643141337411
1.2544429672443016
0.6803430026862856
1.6860665936481354
0.6995996947138394
1.3047452692421189
3.056678188978381
0.5279269858777127
1.3547705923136988
0.5325737379688888
0.9807955322907986
0.776874900449755
1.0167746217714182
0.9377319629587646
0.6366197421606188
1.0381443437448752
1.5063179449195019
0.5311987272581007
0.5406513212139288
0.6629066845244722
1.177571392280214
0.7060846688143272
1.0091523259055748
0.6225555903841098
0.9497473794235418
2.065311941826735
0.591649363898739
1.262167354086131
0.5755750766238918
1.498747458940386
0.5344797235210876
0.5701470138319849
0.6921144649737982
2.688630367419819
0.6335469385811621
1.0780623866361907
0.7136356271201407
0.9363017989101365
0.6844813010812345
0.7692404750526123
0.6662949063719168
0.7932313907442392
0.5316480225406224
0.5574074326371203
0.9007980260064414
0.9435973842146836
0.538971518363212
0.7284150118324817
1.2650064199759186
0.5341043473221418
0.6713854448771315
0.5691338746451038
1.1066546754086914
0.7542139831854797
0.7585550804307104
0.7524382092147732
0.8562602148464293
1.0491985423045378
0.6734370380677035
0.6169379689626169
1.473726000118802
0.8135112771033164
0.7703027255548704
1.198490442859594
0.5472540065868827
2.0233386871540517
0.5287109891359592
1.752603951771306
1.0279229697828214
1.56873968656555
0.5678491947349471
0.8328080918685714
0.5403011393653401
0.5887203330805733
0.764977945058888
0.7512501309359436
1.1262024116923044
0.9307009808169369
1.5983224046590294
0.5228402710872615
0.5164739207907019
0.5350127824133892
0.8240169063291205
0.8924200050788613
1.1643713048759992
1.1919497746962975
0.6237077639696622
4.905321221892393
0.5739104133575097
0.5001924038588754
0.8615599420620015
1.5755150154560056
0.6353734281240122
1.4644206434173839
0.6155141903590788
0.5707605769864585
1.9624534357039352
0.5068181556702598
1.453267597924878
0.6178215152431221
1.3881956742346802
0.9565640713234984
0.7913075210534544
0.6061931775187759
0.5411267307111416
0.8275786415819653
0.9843226040455306
2.9957949865396927
1.056785279640053
1.2663545069940483
0.673174641480216
1.082864647950089
1.4132854065025526
1.247139344096695
1.0759024571564169
0.7990558845415876
0.8100508810191513
0.8555801545305712
1.4939961614017534
0.6022262171722446
0.6671730778077745
0.9363309972349043
1.1595518326633396
0.7453466764394534
0.9488658693717298
0.9048599288702803
1.6875217391605588
1.435287113421225
0.660786011917537
0.9169627436332348
0.5073500899688952
0.7613906270026973
0.861479091079218
0.6593499695001697
0.7042328337306571
1.4953975617158903
0.8605713820614369
0.9106092921271056
0.8965163272237078
0.5686998051490946
0.8621770012636034
1.2432055762445202
0.5977317988690629
0.7342578268739999
1.5029697289804744
0.5730934800839691
0.8667096141844013
1.1913465698437449
0.5054161597546454
1.6001468675448791
0.8627107300799821
1.084392612580018
1.0007607521488922
0.51180652817078
0.6240147002714593
0.838760213976002
1.0960736136383957
0.5897934010026233
0.5687226365607216