0.7274952305843517
0.6415162082097812
0.8225608039597283
0.6333784409837477
0.7423729002188928
0.553274276532207
0.5898054546946057
2.48403999063504
0.7547716575030776
1.5889665516089053
0.5912132664272463
1.170992927211202
0.7707650902302419
0.5082164590124165
0.9905726189848707
1.1042660556153692
0.6413249527497697
0.5341214686986291
0.6434017975238646
0.5279986563531764
0.5483410294662434
0.9389482176184032
0.7170872192880324
1.2947180979996062
1.1246433599729357
1.2277481375537889
1.1335646915546533
0.5366073404653946
0.6309917539470575
1.4292870301710536
0.7298333938184385
0.8864277464593044
1.6202958584823932
0.6740513532267016
2.692533167538244
1.3547695090393574
0.5108117535111774
1.4423557428336835
0.7699163583299367
0.607139778746216
0.5110923852949725
0.7105590927823755
1.49206524475062
1.8393233400178133
0.6988994605828793
0.8100368188759717
0.637135276524873
0.7310585895613713
0.6472897634221795
0.8698950692515268
0.8342189217662508
0.661345967860143
0.7082133269739757
0.929321836861277
0.7833998080752167
0.5348368554928129
0.6270965130550508
1.4784658000945115
0.7251377727721433
0.629250210004443
1.3948043085043764
0.5166361006674265
0.734450702112099
1.1233684462061433
0.7627750356550678
0.7186731589990814
0.5921879234920766
1.3698416092215666
1.1127820022593937
3.01192042267229
1.0407201760079943
1.3988708758346888
0.5937212412616191
0.820260693291516
0.9532159484201657
0.9982549834721794
0.5353385357913112
0.5612873879088056
0.5429350118221237
0.8098830380347977
0.7588678912581486
2.9324463215372703
1.1835071195263822
1.5640613970002732
1.1078240946317237
1.6360569691615865
0.7128043737078542
0.8055151079533971
0.9391263727023897
2.2764544023698363
1.56188650904096
0.5876197523193696
0.9018713768983844
1.1858955825963449
1.567197162112052
1.0670475120946321
0.5488982831931253
1.4199174588168262
0.5305433865232771
0.5366051711464479
0.8696300500979532
0.792496634717736
0.9180715197609288
0.5335250823291062
0.7348542018980879
0.873884957406176
1.18846100159044
0.6110721082146711
1.1528885810635074
1.0939605025911305
1.2849870152826952
0.8375416290251678
1.1568298818191352
1.563386810107204
0.6220436260846327
0.5048725995336554
0.961327897119304
1.6620798200982563
0.8932213080239535
0.5010218235441926
1.6663485844560455
0.5086168433642797
1.634609015000592
0.5537142874173924
1.6876675097080351
0.8488148557967179
1.1749971339769445
0.6913699853369053
2.152954752128153
0.6968334138557566
0.5799258134669572
0.9312359841537727
0.6576437119340426
1.3417429545851292
0.5347798706021649
0.6899156137549198
1.1934645882821542
0.5867391635534887
1.061609405190893
0.6745187444153089
0.8632839216712682
0.7651544028509534
1.3388644845514364
0.7080803007003169
0.7402191808586167
0.8948497532783222
0.7262206161087761
1.6743200489244146
1.0983891542369975
0.7029470938196027