0.7679402257920704
0.5698613776319741
0.9803771898401914
1.0709615879636214
1.7995477149269323
0.7797900751476057
0.5560971461972279
2.4976629867295337
1.105807620769987
0.5502994466560871
0.5143119638821609
0.5506820763513751
0.8522457982957405
0.6257483244734203
1.0885667159077528
0.7077800862313524
1.0685693820720061
1.2445210042764003
1.2108135229681025
0.8776622899796678
0.8013736708979025
0.6119914485524447
1.771102848186409
1.0846023945783614
2.069950091953352
1.26386344654766
0.6862345991159344
0.6914606194469144
0.7908917746547814
0.6081420486315068
0.7942179732479531
4.760239060954547
0.6357357568604272
0.6119431175921477
0.820105814953692
0.8298151878248632
0.5626813081398438
0.8244655329878441
1.2377316794664495
0.8066908992008166
0.5023760485074718
0.6717467576514906
0.6657243290321162
0.9094826730954964
0.986274591965639
0.501009641464151
1.4603408882210402
0.5473834112561065
0.6340040442532597
1.5436309014678784
0.5820471042297868
1.2356981374083489
0.8836206490354641
1.1032181451432734
1.1230595018420217
0.5356474487322487
0.6561499813615796
0.6720326149592211
0.6606221469150739
1.013611207123887
0.6294388893076075
0.5429137773650154
0.8818161473362238
0.6223902168394773
1.088498170833958
1.2546845256007941
0.808605831657843
0.7045675037523722
1.6714341341004229
0.5447526106430303
1.1609096789273963
0.5867279673062455
1.022556215916353
1.0400081703022863
0.6292280291956729
0.9232852068441275
1.3131295430129342
0.7592882560118994
0.8171837542048763
2.157261251135253
0.6269367502238197
0.9772874062062442
1.1825449591383403
1.7590900420075855
0.9165629743219199
0.5819730985298577
1.2848764969011768
0.5609413126577465
1.3101135789299576
0.5252872036193708
1.3042563571839594
0.8102392851418188
0.6200160511140211
0.614031192693119
1.2126857386829784
0.8154732788336219
2.5688408947441417
0.8249711266575446
0.7827373895167966
0.7748632148253023
0.5055317503137644
0.5512037791516491
1.4822584745477911
0.7783761352898182
1.3904669989380523
0.7907277630141607
1.9361694882773008
1.7690786932569722
0.8488381193564578
0.761051254493907
1.1096067074215057
0.7048518725421786
0.5866772609806503
0.7013840245273286
1.848653785080046
0.6986317495010894
0.5077611234774508
0.8090370105668967
0.9761070834200041
0.682870394621375
1.065354902384911
0.8454653696172727
0.8900590678026106
0.525626139981739
0.6939403760013079
1.9181267073000186
1.2423167465076403
1.0930838514343009
0.9374400086454671
0.6819558895383011
1.5143981216492648
0.6633238593425403
0.6294404043159147
0.6244743878314125
0.6907867796718392
1.0708388015694936
0.5635037420713616
0.5129972195092023
1.1683501794575477
1.2708392997250257
0.8848693339586475
1.6347543842850314
1.1475195654448953
0.5984311743400212
0.6134155443082818
0.6194918997958894
0.5939606304440304
0.9104692006596906
1.4009253736523988
0.6961794491409705
0.7329255447465357
0.6312947433805789
2.101772068357434
1.3924306601880403
0.5180404032302022
0.9922184097000581
0.5403629176374238
1.207535296375113
1.6053373665214963
0.8643220954356252
0.7847919485777766
2.02066641526568
0.5158794285264889
0.5905556247737422
0.9373423135867824
0.7841808515512412
0.6069134176646571
0.5832419141023024
0.6681786558888803
0.7180937708780561
0.6275506317288659
0.5271038911960773
0.7406018363784597
1.7425994753723444
1.7101621026799307
0.6742687684584325
0.569921572172575
1.8803245058141442
1.5529952410385022
0.9193732585173393
0.926871847436189
0.7892672104445637
1.612774868133613
1.0902594723565926
0.6998869135005634
0.5893536535462545
0.9749676066730899
0.6836447198205633
1.8824082896275058
0.9507562563079546
1.1141955532209522
0.9335136311964334
1.0970752794886494
1.1635989859719302
0.6344630299601022