1.2358503611014526
0.5150805864941272
0.5207308456783082
0.9452446038927036
0.7989322108130157
0.7451265741245336
0.5887457578892175
0.7807735255097157
1.402090738240588
1.25141036438011
0.9043737878848965
1.2115827664043302
1.01068216477006
0.5423172791746111
1.2935448090714488
1.0906878202675472
0.6152174474968959
0.6099028800610355
0.5016903719880403
0.6045845325922272
0.8510885185618591
1.0006929457917764
0.6097537998377192
1.2014922135288515
0.5955331206088488
0.9106094312514728
1.9073044641950077
0.6102468850202172
0.7557888509430484
1.3230411252525869
1.7447879292156472
0.5667612216055034
0.6220676679590156
1.0883423949769337
0.7151384289283413
0.7176337476151815
0.5777789090773808
1.23640371902124
0.8074388982397949
1.0102507739574236
1.0461904272689964
1.370322780961601
0.5383344821014617
0.5422024291335106
0.5329979703541028
1.2679594189810075
1.9056774920720159
0.5172884529914938
0.9766399267705879
0.6668235160010454
0.7023520144720123
0.9469022485174037
1.2971792998879437
0.5366000756941673
1.179249481698065
0.5227693952060122
0.7827161622605558
0.5646447646581407
0.5070243889830977
1.8811274322484905
0.8066784062745285
0.5531751662408624
0.9964664169032176
0.9655337536602531
1.1392265267448067
0.7255625358956195
1.5903271865945214
0.5799057517978667
1.884753225603447
0.6336840439919627
0.8370361626184888
0.5670147481880008
2.0397179558108007
0.6332305998529932
0.7743335467601753
0.9461962678706755
1.0129948694509778
0.6441312776222787
3.93230881666139
1.5301196600539129
0.5216255838386985
1.7238794309206185
0.8700627816792235
0.7475374435884419
1.3943133683434326
0.6541118749486259
1.7548466296130982
0.8413365660525187
0.6385690239467863
1.0402612209712174
0.8629775114922609
0.512905093422205
0.969225176459247
0.9393122987332276
1.2014849700805144
1.2283766537206589
0.8000895259242498
1.671284412784587
2.970962069157622
2.050937300298017
1.1395330149380811
0.5891675280414006
0.6916253030260577
1.068598355363008
0.5510470133867784
0.782114404680442
0.6005806664413171
0.6606628941227086
1.672378525878969
0.7344549799454967
0.7954444706003869
1.0014857383994809
0.7633795484900361
1.3219031538469608
0.5963415112761936
0.7625925549791646
0.884874703751052
0.6326335849988709
0.8769569177089238
0.7085665222383
1.2509756216899746
1.3896186362137541
0.6784057591305555
0.5240389582853595
1.3539839409680212
0.5869859493945455
0.6774249578016907
0.853665678949767
0.8297334459474541
0.5142877525980794
2.6198099053744954
0.5366268891070263
0.9118969730782851
0.6724684088331401
0.758015793375705
0.7556446149941962
0.6443697216968758
0.6699097199212929
0.9605779166966499
0.8512941321487233
2.289571288275795
0.812836651733619
1.1558814116647795
1.7088882907503375
1.0186902481682978
0.7538672518035128
0.5944851968870353
0.5260806847825279
0.9549690463702518
0.8199499728472119
0.7126698764952835
0.5593497422244695
0.7989300654064664
1.0762565307823593
0.5160676502333104
1.9466497992528957
0.9865570460800654
1.1081922169820473
1.131874826166154
1.3151993602706966
0.7315952460191966
0.9902133520068332
1.1096619991885746
0.713021334104269
0.503245771907018
1.0149707135908557
0.5352303575160704
0.7554412708878999
1.9496363771102097
0.5403837107913887
0.6913011936779867
1.1994797382471916
0.6053433073923316
0.5029295972343562
0.7461016704197618
0.864119230809365
1.0716228362656466
0.5281333823478462
0.9849179755942714
0.5083630519183089
0.5666262182658102
0.86854965201303
0.6905771426311276
0.6614872343944853
0.6186332474356959
0.5538180493305163
1.5360378661395089
1.7838042792159285
0.770810215403003
1.263221214322357
0.9189940593200845
0.626435627599335
0.867392112290645
0.5179714896394216
0.5732967336549564
0.6166145517406676
0.7719505653334409
0.8430984105892776
0.8223050286115949
1.0126332730992544
0.5350228982471208
1.0779583349642508
0.5985462468952392
0.731528196091972
0.5708214835665331
0.61932203042943
1.171926357800885
0.6863611158238427
1.1402734856566212
0.7909566036252045
1.0521774122677243
0.9625336342699029
0.6720583862946796
0.860238167985699
0.9405080222079505
0.6965480516910247