0.7137964381847393
0.7816063798912696
0.5683350618200498
0.8058393129972483
1.0724127075502974
0.7545204889135402
0.6218965889021444
0.5400322912484281
0.7260780691626252
1.5957289479349797
0.7992282008849365
0.8660057592191919
0.7121498717490837
0.759515765392031
0.7816959159670773
0.8367969405732723
1.0307283141545227
0.671876817568112
0.9531852645988579
0.6879773025701965
0.5782725831351456
1.590939220761598
0.8645577904738815
1.225782439625938
2.4372439963524357
0.5530108555814834
1.034226706165029
0.9005276027877045
0.7972765863671327
1.9823140259822623
0.5698838709947864
0.6092096017105604
0.8467506861036469
0.580219203390925
0.9591911805881637
0.7617824980594463
1.0090359265762743
0.9111560133598857
0.5619264524184047
0.5727964129743697
0.9867032599378831
0.5671754034176928
1.5320753999077823
0.8881065241825183
0.5334761924298448
1.155553199342279
0.9361892991274345
0.5140744510224238
0.5249291117766006
0.7236865604486127
2.795084726199889
1.8090696194092288
0.516068427611998
0.6475380670497657
1.0835308290659214
0.7523261231550293
1.0848926498777018
0.6277046957677044
0.748912050333189
0.5694565324336054
0.8360976319273163
0.9246222030289175
0.5605437851019133
1.1197895079400553
0.7208821504325158
1.7356727907500442
0.7959638195247294
1.0586995134997608
1.621287620660496
0.7754347577735246
1.159396419502599
1.9927279551319828
0.5479258834058669
3.441695969236548
1.1638921257278412
2.168031314886946
0.6938840733466805
0.5820796649859687
1.0511458848905875
1.0915576983798019
0.5836287274844949
0.5514642216204493
0.6052860795130641
0.6312416356551296
0.5953149677550584
1.604769133753365
0.6842767014529727
0.9135318068673826
0.6538776703371809
0.5184670277869259
0.8259059588312709
1.657070163233925
0.9996068690634843
1.128045669851815
0.878798022311571
1.0683166370525896
0.5357529071895328
2.925287792557185
0.7759687982853052
1.5273726198137751
0.7497111873248627
0.7123591868659105
1.549060337413664
0.8313852477816681
1.645264981811863
1.1233517727701496
0.5181827496004416
0.5484968566181578
1.3417194306281885
1.2668400945749454
1.197163695914469
0.643123521703842
0.8815063871381881
0.8060187162782881
0.5268059481068121
0.5375017488457274
0.9506182755052919
0.7177414481188862
0.683593124564652
0.9272530967080002