0.7642148963980939
0.7312398724641818
0.7332836296488265
0.8632829768743147
0.5013508886548141
0.8099087269291392
2.112770625161726
0.5649177536643641
0.8145792057121
1.3461295417019272
0.9333114758180301
0.7334352100601791
0.583772148232029
0.5611039315473647
0.9779619945624631
1.102994613050022
0.9388567236336982
0.5688331111986287
1.0442831563443988
1.0643977548000976
0.6631454233733578
0.990812813089974
0.5195292583284967
0.5377577727172707
0.6921191044901036
3.873681706257642
1.3026465235664233
0.624864468973513
0.5268820648373094
0.7518068084831242
0.6102728693198713
0.8531618729693804
0.5917662767977276
1.0314950554436848
0.6645725444873705
0.5470453901810259
0.9690874137679799
1.320269258580737
1.3163945774834218
1.7911686961299012
0.9716515741265113
0.5653160817947054
1.4661406562909036
0.6491070627827753
0.5935741696794139
0.917551744067481
1.2125523559285796
0.8144547024507744
1.0238974924352533
0.7803692864885647
1.0417986078415424
1.6382394573391252
1.4317387998848687
0.992590406958584
2.0304459457980784
1.0336300134325427
1.2487449199936407
0.5266026116224225
0.5263417106705219
0.546082627137082
1.2139186821054864
0.6785783978549489
0.5580250462326717
0.6764717740643107
1.1279271909047566
1.0010472239121384
0.7959027163858821
0.9013433462403384
0.5449311227417297
1.6841847356369612
0.5929124809998711
0.9694956453690509
1.2438947124664708
0.7106697904714849
0.515912996030238
0.5583875710905204
0.979440584495137
1.278959923318098
0.7332780770546492
0.9073280433189268
0.8237122332093065
0.7038122186101248
1.7636247398636442
1.164153529080636
2.3155004290667875
1.1154798369279888
0.9069361069829824
0.9600926509528449
0.624022780149005
0.5365823923921766
0.6374623426414701
1.239163687381165
1.1506437008955004
0.9508507930856922
1.8871590000423453
0.6641342084560051
0.5595883642886292
0.7855573114599679
1.9163598129277943
0.7521506432149181
1.5220025691461956
0.9788511299438483
0.9935384303316823
0.6026994875842888
0.6686347186667376
0.7125630852860354
0.91024610548277
0.6220572776543349
0.6555211347594536
0.7079719315498778
0.8206738456537437
0.5108493581466291
1.8842618457001663
0.6312547944472726
0.6631376983718269
1.039076621762547
0.564508743585634
0.8273243066210512
0.791627589884456
0.6148677379742935
0.8862754450320836
1.0236566966989358
1.2450380447479574
1.2108127920499783
0.7119102413019505
1.1780190216749702
0.7635712470716385
0.5513211957450039
0.9403753585848449
1.2444567526464425
1.0159163807479672
0.7118472047774844
2.0337391827021065
0.963866930403583
0.8550431225072543
0.6828482673960821
0.5676662398622625
1.2334536022245288
1.217222626447949
0.7310220943948025
1.0092162178308968
1.6425578478074954
0.7553219790480057
2.4491413920598575
0.738730802466705
0.6360294189498177
1.2797226635553898
1.292280940785247
0.7300317190333203
0.7830164324693101
0.5641023534011538
1.27650018005653
0.6860462723398086
2.4906408112498184
1.507382550026648
0.5469599240350931
1.5689909699927966
1.2468007445931448
1.6034197551436478
1.3362564301097564
0.8242514116180928
0.7551158863903993
0.8045563024293187
0.5083974260222703
0.6380779831173413
0.8853471117583922
0.5731143907740943
1.0273236470749225
0.5708598538406022
0.5620655662388572
0.577616935704782
0.5239351381086408
0.5480369441875155
0.6648083996448122
0.9547232056046369
0.7217118233290876
1.868184094762455
1.490929484534604
1.468202473471024
0.7081430909136088
0.6801588751342251
1.134131468384794
1.0399079786927814
1.49316090809657
1.1289694995426771
0.7182768370145141
1.757220390457519
0.6744435861767215
0.5994637684078725
1.0787235764973957
1.2752965567245838
1.6396704408522282
0.9579886781338018
3.958709322969412
0.8337664945282768
1.5773356875862419
0.6301620034500957
1.4591177533799282
0.614160930583239
1.2297516161055455
0.7370603098073616
1.5833458511033314
1.3885366918970021
0.9271552834857175
0.5112000151787015
0.9163675345835145
1.14673574070207
1.4792963995619175
0.6412767016760199
0.759136668715314
0.7553531079124696
0.5864750122163969
0.5808020884411462
0.7726417573454682
0.5445758871167072
0.8059838715427077