0.5564728633386958
0.5518110449375571
0.8489882539442197
0.6481034969715704
0.5909675363611253
0.6387930875459027
0.5079805459851787
0.7736598738713472
0.9575212200795526
0.5135527973585567
0.5454347921798224
0.6584776405070052
0.6066665442935246
1.3250536829895871
0.6169363174112235
0.9937721414207772
0.5722344155963413
0.6234979660175028
1.872466796470178
0.6061183571643127
0.5299160981355584
1.0664181482345896
0.8644625261278804
0.6294735911485247
0.6067973327059875
0.918321910865501
0.8116934750008085
0.5703334857903144
0.5784388362911841
1.4254159370126729
0.6384374251080374
1.2841742719423053
1.3626678899253193
0.7996720408097104
0.5544685552772108
0.5082845490167784
0.5730041375438333
0.7689139768080366
0.5772101631162627
0.5107145454878435
2.900995947281743
0.7240478547763587
0.5050846722115523
0.5494735719973818
0.7806544322868803
0.9153825251658247
1.0836618160849127
1.2076258111916474
0.6005653006655791
1.0749119481608034
0.5474732393121826
0.5221162809272357
3.3626253796230117
0.9016513058526812
0.7616384294283023
0.843219581366526
0.954543932232383
0.9590622105875468
1.0676701072994206
0.5252122262101864
1.2077840719288986
1.0200701244894503
0.5630914893936279
0.9794832528436075
1.0571956266355755
0.5268550115659139
1.224017185773647
1.8300284311647772
0.514341353470968
0.6076452700239656
1.3287325278240019
0.8215026168828388
1.361404376678621
0.5181689367620947
1.5468173333819948
0.9035100538432062
3.3905076756392702
1.5019497567998314
1.020104564667605
0.5219429188898914
0.8053564836239957
0.5406730580978376
1.2126049725353312
0.9709545079973623
0.835280456385334
1.0994251864858882
4.577702549416557
0.6155333690294071
0.5140223635321206
0.5335511286584449
0.5925217949887838
0.7548670911992019
0.7091764335138748
0.9468629531965576
0.99781283547469
0.5145594487360654
0.6364826291932104
0.8166843287664278
1.1882610776535216
1.4929486130356509
0.5654871062770326
0.7911214511707954
0.7303577336811031
0.6698463184080765
0.771805855339494
0.7727115709388386
0.8201713697572472
1.1001489490962513
0.8727633207885219
0.5499219801201889
1.6350012874710274
0.7250303721855289
0.7209249308556309
0.6476925219336636
0.6386359879837187
1.1248225079242502
0.8403195528027254
1.5722882154965419
1.0691188236099265
2.3003804023742873
0.6476643132315303
0.8725656771993044
1.3697134390503152
0.8434138509406921
0.5396505922872166
1.53250834560032
1.702646518004542
0.5212275089132845
0.7625819191420078
0.7382847192793065
0.6358862702729198
0.798313065169225
0.56777975461614
1.0331116009647303
2.167068571667812