0.6437069749368185
0.5701861742609595
0.6103295209263759
0.881393987242511
0.6200045534393528
2.1240141847487806
0.52534945467597
1.4471648277124771
0.5199147834746114
0.9213644246370123
0.804110199105601
0.7870823033424763
0.8155260890700902
1.031862131302013
0.5195397989263597
1.1028613431248218
0.6192477353340564
1.2205152756000146
2.4829822677432816
0.6909228329043202
0.8210447430292405
0.5302000710303787
1.5922382548613854
0.8473997579819326
0.5630178463170026
0.5239269300073701
0.8974974973483398
0.6944210446019952
1.0844786608816293
0.5586250581590377
0.5998617819795413
0.8288803460055476
1.5285983700677548
0.9782582092892369
1.027534154180529
0.602078958346894
1.319157823926588
1.2272825975135362
0.6575117936947947
0.8102183866478612
0.6373499201170176
0.5293863514331463
0.9068726700665763
0.5399234976499656
0.6084507278979032
1.1320419727214954
1.7710969864853183
0.83870892050696
0.7122257930793836
0.8000905109493743
0.5552455201515585
0.7619160642841649
1.2127181152907553
1.5917496583500252
0.6591037577349539
1.5321942535023254
0.8356651054776592
0.7316429900143646
1.2929948236343023
0.5368377815815677
1.1328000803470104
1.011638830872954
0.9145199172298533
1.0644753701611762
0.8401030588563003
1.049085362570338
0.587298900099114
0.791318866175942
0.7976844271332766
1.0418604759661605
0.6936995386182048
1.4876482704217153
1.259487308354835
0.598738405838759
0.8184476917672328
3.800652936252419
1.0630446281176944
0.7361413405724022
0.5104542916901096
0.633845520700703
0.5125640676099295
0.7970485429282235
1.6823952695815763
0.7977996677869612
0.727985903471648
1.3786961539105391
1.7260183029162022
1.0171324839775764
2.4120529828540214
1.2588509287433283
0.7525039852335169
0.6625240741054483
0.5285629886844276
1.0102756277610183
1.290113746368064
0.5741366372919288
0.9089456435279146
0.795880960455662
1.1590347088476278
1.040261066278049
0.9441502253067142
0.8065584356297677
0.6395341872968174
0.5276612927474389
0.567098331852776
0.515036172869884
0.5518355463675562
0.5436858628340246
1.1380514332112739
0.6515408879407119
1.2180242479272465
0.9010225104374854
1.2179333582352
0.928104089327519
0.5271061689722956
0.7501823811811619
0.5189252403677074
0.670290123369
0.5518900001767406
0.9398995917808861
0.9569600017463813
1.4002926738293695
0.7212912306523549
1.4087306841737472
0.6434942354223949
0.5752141686031678
2.5642682887817045
1.0527695049972294
0.8870418971746972
0.7503918817972135
0.6529012390458888
1.5990814032860499
1.475156584866852
0.8691881643235888
0.8389717720238536
1.684616422485135
0.5140902535280816
0.6416839252865429
0.6681446745330959
1.132011476958894
1.2420326078703852
0.6124546775921544
1.3844231455008753
0.8468792328499717
0.6878107825304483
0.6103836854332485
2.091235070348091
0.7040933411306582
0.8727883442310826
2.0204586972880065
0.7471833684057287
0.5638810650296477
1.172258210293137
1.55299627145871
1.3798845859146809
1.540301189615434
0.8014032888377187
1.7922117368520958
0.5581427133693069
1.6288089440624276
0.5005658745827191
0.7905139856127903
0.7953867077231962
1.7518838682881324
0.7979875027979233
0.8035595094425503
0.9996443638947881
0.7996495838186775
0.5190980676369463
1.2466764687656564
0.5698732598568768
0.8911752929449221
0.5443169039538134
0.5995908280025901
0.5605420551318048
0.9254298477831071
1.1267417480916038
4.602206207040297
0.8999588537107002
0.616555460556242
0.5098887002547485
0.8047359232481313
0.904760837965739
0.8623868314493279
0.8160575083282424
1.595797164581711
0.8945323127222764
0.5837978670163579
0.6287754761532369