2.035310045338822
1.366438230005865
0.5774966763878062
0.5474947769149647
0.5050848532661263
1.0568203531988765
0.637267908966253
0.6549386573511491
0.7043938029064201
0.6030788318908336
0.8077348893492662
0.5470442993039626
0.5371188677149021
2.1055426715747494
1.4138909866212686
1.1475020126963926
0.8606503709396875
0.9119127682357728
0.5065346598422664
0.6759214270103442
0.5207695441895908
1.021607696719748
0.7938438035557738
0.5672512208144127
0.5369720133904394
2.166527588872917
1.127262046125523
0.8434075469216538
1.1640677512001218
0.9277675346176721
0.8882082402027862
0.7548986781489475
0.645606855931149
0.6809804891288422
0.699679823848129
2.1973482913413562
0.5036474652505518
0.9383293656600387
1.0070551453272003
0.9852860753330646
1.1756120450329064
1.7140206936332874
0.9996393719295043
0.751257021374812
0.5655821936634879
0.6678170755001389
1.3692118519444563
0.6307185846890064
0.9567179414402318
0.7073813453641549
4.309929577858725
0.5528435367380666
0.7197518885259626
1.214040068653759
0.9952313613421779
1.1865272354447427
0.5226447872574909
0.6748919803693809
0.7338814998826422
0.6894672396170165
0.6359943690061414
1.3603502723942995
0.886546888286432
1.2748733427644652
0.9654927437690048
1.9580285883494355
0.7692615688820581
0.5656678502552666
0.7565848752326474
0.751805313916293
1.2082599545034611
1.991507165060085
0.7254040313978578
0.7911608034356732
0.9259310108237173
1.6373593357956793
0.5446015673161639
0.5479615387065166
0.6538806444441718
0.7291843835107272
1.200913017500227
1.406924134457853
0.5426683195727264
1.0343872434045522
1.298284700139817
1.1811004382769568
0.7172791125725837
0.955110348823581
1.2388969841869084
2.935164779775249
2.2392046822332077
0.697601089424154
2.135305616804743
0.8106923434864939
0.7724137535675197
0.8786476203769666
2.2828503244148237
0.8334825450285734
0.6764161903103627
0.5581019009983947
1.7261723033085445
0.7269451044793982
0.5553241839888301
1.0785009191166637
2.112001248937304
0.8945465368093437
0.546062297857759
0.7857592437057406
1.0262591143940654
0.6106820617812332
0.5792336085280567
0.7137908810569229
0.7396328392008513
1.323194253114366
0.7899718679402099
1.0949267652592312
0.8278175208751577
2.456690119917596
0.5757345116942929
0.7985550146537435
0.5755048582847735
2.08558985591759
0.8363847810562675
1.1930060560832771
0.5824730430001068
1.4768821237037173
0.8962505290405147
0.8704589855774998
0.6326000733982937
0.5766963883779681
0.995190631953335
0.6380051041450088
0.5649361197479834
0.7452408786757019
0.9611407538898789
0.7781427064203399
0.9391660744082628
0.5662644886742783
0.9837809818861274
0.7536865261386083
0.6379207257381836
0.7233874550935866
1.1241999087279737
0.572854145010524
0.6983493348357683
0.6562787033549853
1.1645163247038113
1.3780073249012617
1.7406596450911707
0.6032855673170161
0.7496608716009519
0.9896542984123471
0.600503991423011
0.7856276679685266
0.7963523242593169
1.050677225418724
0.6828139943247038
1.2604607155747658
1.2317085481255958
2.087042619316037
1.3334088654735297
0.5859327430357553
0.5832371943695875
0.512832695410907
0.5385026054431137
0.5481626017377152
1.5160130301878212
0.5739637447525752
0.8076389939190562
1.0767222560467076
1.2097083770240715
0.7774670981248164
1.0521259280265554
0.61276302138549
0.6479379264425802
1.0447909790752306
1.2073716655266367
0.8713624740175874
2.219661387193071
0.5842600609382771
0.6698581482114037
1.068130956109087
0.7181889158428021
0.7650070122061834
0.7318445441606514
1.7693017315413044
0.6610714066773653
0.51076548907605
1.2615726534235705