0.6129449841990552
0.5953101940485022
0.533831785861052
1.5532904390272275
0.8351125121000358
1.8259134818202583
0.5660617459411483
0.7539798488812508
0.6663666307440295
0.9515117951859366
0.745027272669013
1.386014891258867
0.9864593404976318
0.9000601849043477
2.3089115281126453
1.0952860505176716
1.234382979406334
1.9049786596274032
0.8702711876351543
1.3573627957292018
0.9259168837060372
0.6527287543300702
0.6328584647070556
0.658607668003242
1.1957343284047965
0.6445385535080561
0.581604131962763
0.6449179720860059
1.0721994144741984
0.7006017156063251
0.7244674359013459
0.8525095030892373
0.8405306623454578
1.1155483912663442
1.688599683642991
0.836424133796271
0.9334916303454577
0.5835255452813044
1.2378781463643804
0.6346993833976171
0.5181179657599273
0.5005727769494683
1.0559838135878863
0.7751939576702398
0.967444676407581
1.1548728915449828
0.5318555982001953
0.9271684809921226
1.5916647035959386
0.7488597222819635
1.1332213747048172
0.7644961363977814
0.577698928744212
0.5028292388578848
1.0945108220876705
0.6720584782150922
0.6298963365193799
1.534410162289987
0.8508505214550155
0.5515175932033003
0.5210552239834669
4.471253299104262
1.0363893235571595
0.570064761689764
0.7879795618274557
0.6935436936806809
0.6839750118567167
0.8375959427732482
0.5798301593979431
1.6488278826971055
0.60380141876783
0.9813177640923527
2.1520505809983206
0.5335506144799638
0.6820924806995095
0.8464635317731677
0.8467216611007302
0.5441276744827519
2.521742364565739
1.636381970470154
0.8268742563200249
0.5370175337467913
0.9938501994509465
1.3373734091907181
1.2996074156557142
0.8294515129001638
1.3759719016337613
0.9318958851744128
0.9138880474664575
0.7609513231167284
0.6639680830359111
0.6686694981380015
0.9856811615053402
1.4492194576993143
1.360974727205189
0.7685438154114763
1.1463834132028978
1.7890661221701976
0.8180578235084113
0.8894433126292824
0.8860071390701023
0.7475238066829206
0.8013411353301763
0.5082532343593584
1.5188597770224987
0.7296684885168361
1.609291734779049
0.7575500001836417
0.6410029312756933
1.2540011066727175
0.5018483962417122
2.6303898453805914
0.5370023478046733
1.1426968130165278
0.5998666718797949
0.7756570758303951
0.6396209750953403
0.683148475396024
0.5164592920068571
0.7003662840454581
1.5936888568942322
1.3260371078731623
0.654973838703313
0.7067062793756804
0.6355177703729851
0.7338073890379064
0.5899524955634661
0.587820843796635
0.6076199496396839
1.6064828907026367
0.6130785317568552
0.6297013906608981
0.6697158020621146
0.5445340986586871
1.7415874549308228
1.5186567102460913
1.787610287870848
1.3844147151455672
2.2412755632191192
1.0392214772116404
1.043022328579923
0.6573727349273213
0.5767119217645131
1.2648107006671125
0.9200201496460068
0.5554948863344862
1.1399008737623717
1.7951862994588055
0.6700050943547922
1.7586246558762468