0.5101940252985242
0.9200336869758079
0.6328080545171453
0.8923836517555364
0.504911776869216
1.0159990556943406
0.6159484977946406
0.764967781142591
0.7054256661910188
2.033128874047094
2.080607497014462
0.536142909004635
1.00678435552042
0.564471878648618
0.7637009297164141
0.5005049139665871
0.6674903185523178
0.5127227752977319
0.9335296641144453
0.8253165834798892
0.5363800845901707
0.7945635685879537
0.6839751739597233
1.689909561966438
1.273659608825028
0.5620171935932916
1.2099819079512883
0.9312816185748147
1.055239110523985
2.4411211195723155
0.9815888528868015
1.0585357680144938
0.571580176823872
0.8345174339223291
2.04983855371934
0.8167362453279736
0.6896510441866326
0.9540662221352392
1.0836790436126051
0.6489524675848344
1.0082922186530539
0.5221943073807154
0.8299497621763976
0.7932855602584397
0.6249624304531523
1.4308511101559134
2.0117826873030253
1.7873156532770764
1.1172577629974825
0.7000275924234245
1.5585535713290994
0.661588016643492
1.2122955888909814
0.7485015468162715
0.8287868810139685
2.3246284976082734
0.5744979903801379
0.7322333550889653
1.977766397144535
0.6691380443540424
0.6099873210813485
0.6955419698850847
1.1402108961228805
0.589002659702146
0.5032763063602772
0.6018837352919775
0.7480258187098059
0.7554567275025761
0.5015831214545017
0.9227710623453049
1.351690058049627
0.9403030552784912
1.7489615949429265
0.8092093852794164
0.5819587230576246
0.896314489374106
1.2701936012751958
0.5688538136643331
0.8511424634212119
0.6905636871609317
1.645309553227662
0.5156121276292822
0.6468922428415453
1.798744117832797
0.8476387983033078
1.0211640686123928
1.6902610367130535
1.116693199432376
1.0904284682301295
2.250638518406106
0.5442419352162062
0.5176807631642646
0.936446902750049
1.0870042106212168
0.9782933077964913
1.1904968977954695
0.8492504254562618
0.7832059592686278
1.2726976765297309
0.5470652421226418
3.1116367745271987
0.7760049155505726
0.5668396894217267
0.8465537776426686
0.5116308796096973
0.5353244864782596
1.08515980397965
0.7213153519326738
0.6846958569528283
1.6468588753599533
1.5194963275193345
0.7426274156683803
0.5385276061203399
4.0796551852560015
1.0086096613155178
0.5360390942360027
0.6338491156719783
1.333684668055355
1.3410692090198495
0.5331350705749855
1.0512402171115696
0.7976625519766003
0.6247256708504665
1.0430776903568244
1.0332446611259911
1.6380254840339035
0.6253389279483486
0.736395090129065
1.0492274351804554
0.845539845828057
1.6095733974473205
0.656643992738509
0.8040365870838855
0.6423586287534704
0.7487942388676174
0.7115362445226765
1.123662643606849
0.6058828470505091
0.6098559331165916
0.9008720123254648
0.5643698568625268
0.6298347634628385
0.653976373974217
0.8241279386194265
0.908880103853221
1.3991786425356167
0.7498356308814209
0.51283336406118
0.9345459028391474
0.7989577968990602
0.6726558266580014
0.7488499670910187
0.8507916936420656
0.5734720974756442
1.0582179438947605
0.7949796572633545
1.08304991866936
0.5370200782244297
0.8993697728747065
0.5469438311045565
1.1266298570192816
1.098783253942372
1.0799843231081354
0.5833845604109342
0.9287565841273135
1.2238710038886325
0.690216154222071
0.7078689443615644
0.7891039598542307
0.8010545278206678
0.6273483791662215
1.0510452160814339
0.9004597362760478
1.2490558107204492
1.8757823202962527
1.1107686140168767
0.5078679520875085
0.8758566399839083
1.303014250626859
1.2736916866087995
0.6724355045751622
1.1354563576916803
0.8530851334727458
3.1627768584526166
1.0474829232219918
1.5552280211329617
0.9937509092439996
0.6144807258997389
0.6524120426258833
0.9630657675916154
0.8647758581976177
1.136131808217101
0.649030127832134
0.5658333825927002
0.7864228014966557