0.5155749602381232
0.5285744387352702
1.7375463049198672
1.0141164081271263
1.5292335526743344
1.2740554791192054
0.5304603297611052
0.6797708934320426
0.9689713838088565
0.7002628984184582
0.8723775440160537
0.581339864072838
1.3309025168392878
1.410669657580371
2.2530103509974424
2.03980055087537
0.659145508863773
1.262605636575941
0.7893687847394659
0.5618197476986779
0.8991859120727526
0.5973916527920835
1.4145959724185388
1.2055721980266583
0.7380066373073362
1.0786452904340251
2.3163261231235026
0.9868340321174287
0.6517324822710293
1.053584033573145
0.6100800966485735
0.6735677145868237
0.5669636410113128
1.2706575862169132
1.6158738113012419
1.2786139859705656
0.5430396615401207
1.0940357731352321
1.0296877831551683
1.411307419144066
0.973727535741034
1.1431053756296876
1.015200216618041
0.7488626727487144
0.760112224657064
1.606128638841028
1.022883018684638
0.7985445045315487
0.5985088682735977
0.7762673500932351
0.9648902218110607
0.5165387835783122
1.029508089134822
0.7676422439856765
0.6656055010021191
0.6731755585104793
0.6384475816817599
1.0367634356123858
0.8162319499747355
0.6860485106324177
0.7529535394361346
0.7258647159129623
1.297716000131004
1.1594803936252447
0.626128780925626
0.5246650190883315
0.5133753854712495
2.0241975913331203
0.5409722630388387
1.0115057233380753
1.5640509001036094
0.5769842508729539
0.8480688820037585
1.2542828301305349
0.9291643435573747
0.8511718524301273
0.7044315598968751
0.9770175031305257
1.5220524921646188
1.5076223603188623
0.5246222311433826
0.5769842241288075
0.9451389361950078
3.224176422492178
0.5470033511152224
0.5248398495266429
1.2144720441561958
2.646066272720759
1.5947660976885345
1.5910868489565928
1.184471280920775
0.612056290851342
0.594199327183901
0.6736880501306359
0.8825292219985386
0.6247692898513151
1.1300815669117128
1.6847849412815776
0.5363889845256153
1.1581946950204838
0.6804194534945509
0.7329746433961191
0.5776631910814558
0.6688702209925168
1.2695936676065003
1.4486626378081837
1.3071874149039786
0.9350640570941096
0.6843553076669195
0.6465774886519284
1.7215495105118634
1.075112217761216
0.6225523813538985
1.745042832441186
0.8271301874618757
1.5308586889502749
1.009932677513234
0.5735252365187762
0.5806875859802858
0.7209622621921881
1.5242524628772571
0.7698527292952804
0.9299303730591646
0.6874360161365303
0.5776783493043922
0.5435379725405483
0.8222821136916991
0.5025899684833348
0.6886010865376875
1.1003263953980422
0.8890773327168517
0.6030532816686218
0.5154630515248755
1.3935375308232096
0.9420467698732864
1.2775925835866246
1.3256808055549527
0.5672429796062488
0.6332939033804905
0.5038239968428115
0.6079990972281166
0.5087130030869957
0.713850696958616
0.5667042064595762
3.80656093977791
0.5548607880486998
0.8968694449386021
0.5297598960033838
0.9638774930765521
0.5425179515318632