0.5481888833048026
1.3443888360044762
0.5937636019307755
0.9150538391978467
0.5417088616092336
0.5731038753342457
0.7984192745429599
0.6283016095709044
0.6125343319459162
0.8141227462631626
1.2027500312558388
0.6289660086729221
0.5776839272614964
0.6179226528760218
0.8362810903801545
0.8148284049372307
0.7890808742318498
0.7929700892642302
1.196506401004612
1.044222611779297
0.6515321376342271
2.2142765109034954
1.0094500264450588
2.002037244749225
1.3003274037329504
2.4152192109105854
1.7396812230790744
0.6682491995650537
0.7659506451509941
1.1679309039223114
0.5558337528803321
3.430593861397071
1.8950344334094638
1.5032882120386262
0.8860553618890918
0.7078972738705147
0.5000434245874601
1.7777443124696077
0.7041592189572157
0.6958821784547524
1.4762858132525452
1.2234191557190002
1.3084386857481576
0.6825412744826025
0.5104434230254924
0.6325577133197839
1.3185041820478887
0.5364321974709299
0.8369698378595558
0.9468255228608484
0.5945883547915969
0.5667231465500038
1.2511006020340005
0.6308726668470399
1.1992479309928683
0.7138145624844014
0.90674642100916
0.5989987329727455
1.3281514018030691
0.5743825318087374
0.8787527894230607
0.7067536942455774
0.861975331291859
1.637677153402933
1.3764732459937363
0.5215686001441213
0.5211888113577743
1.155405576195676
0.9587328151354484
0.621857665220034
0.545868573375941
0.837139490913529
0.6154721099581764
1.7061472815219645
1.2899131666654853
0.831556100402338
1.016422054582364
1.2371121824870954
0.8889709535716008
0.9931429654371584
0.7646311524226235
1.7873306789268213
0.5174971039357956
0.7342383609509966
0.9350466441175058
1.2828756933438115
0.5596991869129226
0.735439039071224
0.5450325878909439
1.1281543939358585
0.6103221589984003
0.6104171647244243
0.7319456302312233
0.9889568596844924
0.7546470319410901
1.2476806555632152
2.328284260739281
1.5177685087942336
0.9794951677725976
1.3147230968656913
0.580093413091447
0.6830462889872138
1.4787034950072098
2.042201861480123
0.903864485528743
0.8513631024564461
0.7697848205917239
0.6495945484100503
0.6197072900947092
0.6012285951223362
0.7804573914009438
1.1002351090900788
0.5989758449726992
1.0508530621515888
0.6254297754682057
0.7060206283156276
0.6029296944884663
0.5678802527903031
1.287897106031096
0.8997473157342029