1.0266770530185951
1.1204276815792023
1.2307263279186316
2.4237474823689995
1.519712542378052
0.510229951955651
0.5959446566530673
1.1289586080480127
0.6854606127120135
0.5203076726242237
0.6817126631690726
0.7548522999225185
2.1525162327660396
0.8527782787057205
0.5822876768269154
0.5126260921639343
1.40352262906881
0.5434535860688499
0.9866551137478794
2.9737987620004205
2.167297869440965
2.0183399405994535
0.6646673049679777
0.9598650454583648
1.0969017805365127
0.967275102756787
0.575797173742302
0.6057375953515276
1.5909009151398124
0.919513089944104
0.520704271159957
0.5697708424760037
1.5725979475900687
0.9349215060270097
2.169925722840148
0.9144410721418126
1.1416959754649412
0.5415379660908854
1.1324989044098146
0.6731849419104634
1.2045058194562728
0.5183341166598439
0.6890239897549577
0.8816179284444416
0.5982891222585067
0.9974131803975297
0.8875117368122005
0.507223101375871
0.5691440140041664
0.8003084761384116
0.7414878598387133
0.521072383029292
0.687790544472108
1.106772845169445
0.7687775158784405
0.6252641987209984
0.5531446025730418
0.7159256931070104
1.1556901935052224
0.5031055489267828
3.9922782217839483
0.5402582936327178
0.623550508754164
1.137339303950455
0.6635987358303908
2.008612343574356
0.7402648957879308
0.51774688571723
1.1210797744467698
0.5276171581849667
0.5900731582745209
0.7703212984951335
0.7088630097126156
0.6176879649825366
0.6603382570887959
0.6048605998270205
0.6951896030233513
0.5763971497826503
0.626948653816271
0.6124881773256448
0.7722432234743337
0.9794142201304794
0.8509832318700035
0.7527810846021623
0.572159604728796
1.0233666190299857
0.7635067853856867
1.3880527727521326
0.5282251212753977
0.5223143289318557
0.6820311753475607
1.4857500216432413
0.7160138936707199
0.9376859827161184
0.5387047104496787
0.928475728421688
0.8469998463395996
0.541167635613931
1.4067124289979915
0.8884629371136725
1.2525020607732245
0.5034487414475848
0.5511520535822569
1.2482595790273763
1.055208447288237
0.6372899159139251
2.117492882844317
1.6429852202202824
0.8978848604737095
0.6347158757890838
1.695399772340238
0.6282002538703182
2.4317836165909057
0.8497079131690839
0.6974697081252543
1.1728146989127026
0.829556993169092
0.9144150390270056
1.111789006759352
1.7296038377255059