1.4615545216740258
0.7905138028575163
0.7086238318053395
0.7919773147728328
0.9412106433887484
0.7668110308537344
1.0605714391447005
0.6134069557680135
1.2128661573796151
0.5432445701730764
1.1315970541313334
1.2716988943828724
1.2248332114695373
0.7673626351526437
0.8667789981764145
0.5804555533678837
0.6294848263716943
0.630060740267119
0.6224548274761759
1.2973588473882032
0.5158801669402422
0.789169376474149
0.795916966532694
1.487270118018401
0.7045137485012205
0.727867287083015
1.1780119580217985
0.5726262978615608
1.6941893374224577
0.5789681287355251
1.1970824881507127
0.7968674643622222
0.8449381619113439
0.7032069320099481
0.5860102092138817
1.5373555169737756
1.0106173243340777
1.0754725876796698
2.958803194051825
1.1462853818261465
0.6824446625142286
1.7822056755529445
1.1856953082380528
0.8249211000459553
1.5176855961385485
1.4321639908169317
1.411006026718539
0.504170868341518
1.92155897591212
0.949550190458524
0.5071562243152812
0.8011703723322228
0.6876727346464406
0.6575912902989103
0.7653323057741659
0.6961480455705953
1.6934548791924158
0.5421230473453704
1.1213901237898085
0.5126581383248094
0.765176551132555
0.5433107909027797
0.8644701344238399
1.0921983122040047
0.9186840891889574
1.0682919118062557
0.6202134523813925
0.8228622020441776
0.911789528114781
0.5241584096199574
0.8661363335175452
0.9400820374457624
0.8834403062838305
0.5103751508014795
0.7184567805074096
1.0036588324465185
1.0993888514880155
1.3161886215248444
0.6475702563337791
2.3334706106060707
0.6771246608558954
0.7357864288003952
1.032809409022235
0.6951111435461712
1.0871916801547172
0.5860655570325832
0.541577746729331
0.9912320608088692
1.0022465235959999
0.5339076177745312
0.6222126923338749
2.739200592773244
0.505190667891668
0.5386048677050894
1.1022671606557424
0.7245203117661845
0.5043605157257502
1.178437770104722
0.6127673481186662
0.5139714775525022
0.6293914615563381
0.6169141075965285
0.6247907224503706
0.9624599905354216
0.6051232341721402
1.0908472373628797
2.1678919199348456
1.103720044302861
1.150811516117983
1.198072021359792
1.6285511767517278
0.694595773073786
0.92207317636894
0.6950872858395201
2.276547194384932
2.4058409709061834
0.8870071401490236
0.5751018830665089
0.7456292721979025
0.8371612550340615
0.6704031760010025
0.5472034969674269
0.7368542538558813
1.001812841782737
1.0435714052149478
1.0223681503215971
0.7523847300627722
1.2319680081075717
0.9611991147579602
1.1876623862345923
1.1015712088676537
0.9402699792644285
1.0091769193227833
0.9485408511535525
1.06114353753577
1.043312339310603
0.782575019089677
0.6966618521275336
0.914791090851736
0.7367476523515393
0.7510460938364645
0.6702838226752874
0.650724363482766
0.9792641139844136
0.5437374164579865
0.610221911820247
0.9320940382626759
0.516210911874623
0.7480282510045981
0.5722754942835877
0.9855666735904833
2.2247998989581106
1.0787591693440959
0.8702116833771356
0.7876635255202018
1.0151275132306523
0.6526515172377003
1.011898069771405
1.1543769938725177
0.5005112718498594
0.873248063349024
0.8709838861108778
1.0378021005900564
0.7396124410590801
0.9963362419437658
0.9889089343765249
1.0209743762337666
0.7490175252330005
0.7854982129503014
2.5510757628597958
1.0420144901322033
0.5267712819594408
1.932393631747118
0.7102679817126614
3.010473344908803
1.1538867029540825
0.538488777996065
0.8386424545305431
0.9653884215996413
0.6822621253268721
0.6090827201405205
0.8634552342003303
0.990656811617157
1.3415999499832765
0.5114180373310546
1.2738544132611196
0.9707248630444383
1.4891532389142412
2.056436997597757
1.2824415119243895
0.5258675912535864
0.7179635134879163
1.726785567793172
0.7721809596478124
0.7349555846852809