0.8125036485125129
0.5952851703866147
0.7209701205125203
1.249357811919623
0.6252708491270518
0.532142967034769
0.5125090201135976
0.6834331777548286
1.8707198928229758
0.7618124196987708
0.5143380143042791
0.5216614450924837
0.7707423321200366
0.5952021161254777
1.3002112013013516
0.7678612788177759
0.7908660952100348
0.5579532735622763
0.6459026178836922
0.608453090731075
1.2019578994413962
0.8237287114688883
0.548889325551329
0.8140655037494184
0.542721537813037
1.217849243745718
0.8345594276306372
3.5574808594416822
0.9256076550632883
2.3465133176654263
0.7128109477522457
1.0311199111091867
0.6657630357435949
0.9987996074911791
2.0729041749241617
0.8895687104494243
0.7247755859129938
1.0216878865699925
1.5024252814630756
0.9248264817537688
0.7888074626450816
0.553390887611414
0.6781553236239972
1.041785755296587
0.7588328804305888
1.0763853425263505
0.6473288382687201
1.1270598339988283
0.6186328064907229
0.5194642113290797
0.9039429851312661
0.7392396538261323
0.6522284937748282
0.9647328310379066
0.7215560563542454
0.8116896321425884
0.6491885950823644
0.5939612296874088
0.601648779118193
0.8858004206373948
0.7645335760699936
1.4301801485387955
1.5853940874911245
0.9487776434007742
1.3698127047983917
0.6155963608699153
0.9740892973300106
0.7146754345357067
0.8960903252703929
0.6319308685630176
0.6757271670133491
0.5546268863838009
1.7857067457513267
1.09179129247417
0.5026040721971299
1.0723601550707258
1.0880694167508977
0.5542371324271471
0.508323677659007
0.9975072813354018
0.939767102521273
0.9884834258833735
1.1011219383648267
0.7356102933904936
1.543582618490234
1.143877444824625
0.5098521509314651
0.5561168058620751
0.6907366028459592
0.7915348736664782
0.5132067969665286
0.9072102314926269
2.5235835051684035
1.4497354975618464
0.8149832879346377
0.9045993437484867
0.9928418528437533
2.1005500156522885
1.336133375000145
0.5445462723744185
0.5311413415874995
0.6411237449864302
0.5269888207543545
1.5308229518428789
0.9195489064153435
0.7102551958225831
0.5288744172581801
1.4476586027221856
1.3407128628043665
1.6774054235709173
0.7033931235708906
1.077859283183102
0.5784623526485575
0.5563449321579128
1.1571540836852137
0.5940701848832077
1.197839622019842
2.966563958423535
0.5753230420461932
0.8697164400514339
0.853723864712606
1.2889961620384156
0.7511469238447717
0.6832274803288101
0.5024373301274636
0.7208349858759675
0.7414992423621243
1.7936122590417654
1.0917816177886834
0.789110766706699
0.9962569640301808
0.7772655156835526
1.829038995751489
1.3980712793958219
1.674181050784
0.9617900709187097
2.15240394597879
1.2836984199321932
1.795572473375728
2.3391756051724997
0.5599840134292435
1.4084080376655947
0.5615148195831807
1.6701921467388274
1.1985156059511155
1.6836334740407892
0.7739618701530162
1.1691827302388447
0.8867063330200153
0.867133071473404