2.4834294055374984
0.817376358573525
0.7126450919992031
0.55628560830176
0.718536110927074
0.6745037533405984
0.8043420285878273
0.8448260720409557
1.0652096893245648
0.9428888389507541
0.5361479603205765
1.4218170078630195
1.4482817128612027
0.9864636920615482
0.9440709085830719
0.7003340152849802
0.6988636784564619
0.5079615449589525
0.8708670349723633
0.6206466974708675
1.1954070122479905
0.5758774399380115
0.6956982392868127
1.0679869984976165
1.1266961213425972
1.2473487033101378
2.534070854329528
0.6721186142806772
0.6399325049836051
0.7318166637948309
1.087074799126924
0.7375150473819474
0.6815925646054808
0.9410096896055364
1.2909237337375146
1.2902469284488234
1.8706816775211905
2.601520569364297
0.7707534026548899
0.6830136415021144
0.5217540861126224
1.057097928951464
0.5419603732757992
1.0801233365482688
1.1904956850598154
1.1142033664007158
1.4349935523271569
0.6387423788601723
1.021081787910262
1.604835201263512
1.1529945069207486
0.791496770798858
1.0860253076812683
1.2734202637092835
0.5386514545093632
0.648066317937662
0.6162453220583757
1.3181229097487233
1.6692952239936005
1.7515913408938104
0.8552513932095565
0.7332596274962384
0.6324104127971282
1.1104884392499912
1.2465353808930502
0.9414368519791196
0.8760664117624515
0.7661098825478803
0.8904048035369669
0.8090059157804319
0.5314226761372254
0.7789153004643481
1.4837871858146912
0.5287249099493465
1.612203436323881
0.8219865242659239
1.280596019413025
0.6124537257378222
0.5485463578721124
1.062739914774994
1.3479296898955226
1.4768452636075153
1.0830841389167176
1.146873881474562
0.7424281952125398
0.7863291248492033
1.3480904251669017
0.7645361558037678
0.8137290524651064
0.7447499864012741
0.5475913896222835
1.0415527616728468
2.0200992928922687
0.7373451733452043
1.0657597385508666
0.560141657191707
0.6281471565717425
0.7175134782536929
0.5444780819278208
1.5742198077546732
0.526327499780507
0.6030582434906364
0.5730711212230517
0.6771242733923373
0.5165549711712174
0.8710265143909623
1.0386755841674926
0.6642893630667004
1.1013495203546313
0.6541554328607049
0.5530428560572318
0.9309034484576841
0.6736147611351839
0.5429844302692572
1.4699355760838557
0.7529005333487362
1.1846650828230736
1.214386152745874
0.6440216795252809
0.8125917432446386
0.529400475893965
0.8236706207537168
0.6042740882587623
1.9982185930362562
0.6788118479674381
0.5415602100072192
0.7918152005101433
1.9719981822680666
0.5328017439335326
0.7326714931621154
0.5558215088574343
0.763579283782633
0.8626802038342589
1.0376623271337735
1.297936180025431
0.6132068162514202
0.5018779098992923
1.0457471966984144
0.6403228423913561
1.040856960817223
1.775400238655493
1.9826572747126647
0.5913219555436058
0.5172491726526687
0.830453196628298
0.6113339197292476
2.0227225280111725
0.9490055237462798
0.6071465969931751
1.0639104403502415
1.0038844783192644
0.5019476333851571
1.1257111707752756
1.3439364119662969
0.6380075321090999
0.5451663616400424
0.8526059076164074
1.2309743352835767
1.1727789238216246
0.850810385424893
1.4616169336841836
1.151681897482149
0.579259442280545
0.7247803302674356
0.7888686210492324
1.0902154325571587
0.668263830972819
0.5194888577698293
0.7990462183021236
0.6523718340050095
0.7415463445346404
2.9334606262396505
0.555545917392692
1.0466385297051488
1.3301879438016044
1.8067128301012758
0.8540684972195436
0.6460480320102988
1.578063761430883
2.1884501753501695
0.60898887486087
0.9504690454105003
0.7164828884068584
2.040583230786524
0.5755734691241514
1.0231735556048989
0.8746380784958774
0.6435478429506247
0.6580419471732739
1.119305778089256
2.450227606142221
0.6920228871675818
0.5676417134551457
0.5576308384465847
0.7135058892100687