1.4039773861566536
0.6136489191441905
0.7236987022386066
0.5936758128286055
1.1378373918199216
1.8854278361807317
0.659899477550244
1.0474892294304041
0.5489723298356282
0.9969498289789698
0.9636571811169361
0.5192241870783327
0.5716480581576739
1.138145200176588
0.5864703704736272
0.8578291394130559
1.186095481643484
0.6493759784061979
0.5211903003744283
1.156797663338736
1.5493413390706223
0.8884500489680534
0.5825937931815517
0.5983020648376183
0.6485291993855213
0.6334602348191254
0.8646611892256431
0.9535421495932042
1.915107103146923
3.5674359531601567
0.742440919245638
0.514678425061021
0.9946563971658833
1.4149631123992066
0.6091473049813771
0.5225199992851373
0.919521927947585
0.7000058872606729
0.8850967683383999
0.8743853578425274
0.5518219945875131
0.8809943609661843
0.6248800937740384
0.7701702704200244
0.5878539641815905
0.5291072892185298
0.5217544843301596
0.7711706783082377
1.0118520104951187
0.5714819926624273
0.5873723339756509
0.5931642599187512
0.5228398683426292
0.5004707909770332
1.8567026357892757
0.8856039289718183
0.6664259900933587
0.5039914352499579
1.2779555266945977
0.6262380150370745
1.238804162348913
2.2065332081384668
3.399556437503634
0.8275855402108618
1.633746633506803
0.5251059655962251
0.5496199570414433
1.3539914582816266
0.6531933571080799
0.6406795973299779
1.2087424154634334
0.8840549188128932
0.5495786332494959
0.6198222102579223
2.7797912173271584
1.0380887302056863
0.6154971124353779
1.1169649122916496
0.5396917277988109
0.6892447911104398
0.8566754375008827
0.6164786206933286
0.8649917881149918
0.754527249047726
1.9726481516763954
0.650116160583849
0.771222724406158
0.5391340108792235
0.7175706621947313
0.6220667453664817
0.5582097433733963
0.6439328603670447
0.5728307294532726
0.743800157722518
0.5259782989810446
2.0365091446255406
0.8904717567575631
0.6698712235003654
0.5003027228229371
1.6245662916500692
1.2175683810764326
1.0008673894401454
0.9732351987506149
1.2643097046017147
0.9784729815688138
0.776225957134443
0.5082523158722552
0.9109821731041166
1.1073483832490183
0.5809852766835775
1.2840716543071267
0.5597225704281072
0.5124813284821244
0.6816316631308155
0.5287991862330728
0.8244958799988922
1.0498345378192653
1.3804418828117946
0.6533709328323312
0.5103051947129984
1.1419288409314845
0.5058303482406359
0.7537487598228267
0.5120278776798841
0.6180584910107427
0.7136896208878056
1.5545560107557321
1.3282024394148948
0.7263754569280536
1.3759802002843458
0.787168465110824
1.7349973516468253
2.406105748894447
0.8017071748067792
0.7154054043810447