1.8532481827481448
1.283422457543939
0.5862291577530021
0.5380941381479722
0.5842490347280656
0.5068094903612579
1.7549409298269563
1.3660698393659914
0.6820645315924772
1.3881166936281382
0.7620848343524678
0.7002924384899991
1.3464765054362786
1.231262827584672
0.5493445996415076
0.5566183433050682
0.5596457927531304
0.5909661376565509
0.5426860735811871
0.7829001442588606
0.9084628618814818
1.0486334970514264
1.8930847741535288
0.7575913783481241
0.6178402065803823
0.509251609902222
1.3517541392225993
3.0469996113731668
1.561043835984293
0.5637568282355545
0.9406491405025861
0.5906545816255289
1.4093458925863445
0.6944484480027455
0.515343866322425
0.9441808834076539
0.8188930497676665
0.8827389149267333
1.41975346990057
1.2678581976909271
0.5887715577166119
1.0967981030341036
1.0419034185824643
0.9076137490941107
0.9216969021669428
0.9598635103152446
0.5305539445095349
0.5823030229402093
0.5084072452577004
0.5160276140194071
0.8303295799925934
1.0322845070224673
0.653422677292383
1.0018400364105844
0.5218716782817125
0.5570051415924979
0.5563192927877765
0.5312187204216343
1.5473542061259309
1.239577833962045
0.9584934095295239
0.9593963617373333
0.5169566711595053
0.8154306680395962
0.6696524761623266
0.6843711709933018
1.117699299717998
0.8930970180663849
1.5460494718752784
1.4787275101988087
0.5919713643229727
1.1177263001199549
0.7592252488952056
0.5543429820472454
1.0064607716489888
0.6026070862521635
0.771154630243359
0.5683317383344217
0.5233278837615671
1.533936780608684
1.3270316923600092
0.6564703611235814
0.7300338638644632
0.7367875448811105
0.7406123904143556
0.5085115070698407
1.151976796778797
1.0362708672348049
0.508191572771409
0.6195845079520836
0.9479005280047943
0.6877309474871822
0.635985511802005
0.6849429341057487
0.9237240702843224
0.9599115545544805
1.2456123988709464
0.6431324910589069
1.9000034127809613
2.0931804121991036
0.7277341406441451
3.5551501721047316
0.6264216438145809
1.5203693316622093
1.0435820434183256
0.6804110385983222
0.6246182206655817
2.2134840084867164
0.5561153529106946
1.8299259752845956
0.5659848280976689
1.8961507951111685
1.1719869048819191
0.7433959351626527
0.9912613455799715
1.0274316609410334
0.7564937136818912
0.6823981640067132
2.597157769912144
0.5400871550842226