0.9772471167968382
1.2992255569766682
0.5517953898233516
0.6153794242533586
0.5501424634033274
0.8647654775468769
0.5257657605175687
0.5693242101909881
0.62569392649538
0.8734943813509446
0.9311432718749622
1.340793926334566
0.779510501212684
0.6100711994097665
1.4548576078146027
2.5091509795581146
1.134771016060256
0.6907187862916118
1.0463150969499253
0.662794768459058
2.5757332476927175
0.571374632083959
0.8769016535790826
1.0063465765209827
0.5599709824116417
1.241267657513177
1.7218448331339857
0.682024498726463
1.3386691096929013
1.5301562224903051
0.5152929152459649
0.9045296283843953
0.9589778186514195
0.9183028350750391
1.1686833492446738
0.7061484898343195
0.7429296036342805
0.730744527731261
1.2239417557678962
4.526349141843369
0.7858310715835586
0.7554281304915236
0.6197372043142337
0.6898721980745961
0.6506848146664481
1.2230328879691115
0.6613420021507466
0.6926712112818905
0.6640497794873568
1.3717245171486638
0.7824042442893528
1.154727909632527
0.6272698731906985
0.5329549557961286
0.5113823847253798
0.9604867858992634
1.2059770703082222
2.7618113774075823
0.6162135419801302
0.6790787329106251
0.7470190346645325
0.7225481917606089
1.7276400871878366
0.6705242485204224
0.8206776397872488
2.272433247431593
0.6067345809299809
0.8787970239530125
1.3424723566905357
0.502506919243416
1.1253354047317714
1.1230828932013708
0.6542730743998391
0.548408984017982
0.7033653245288463
1.0808291583513494
0.6802337646186913
1.1374439177775457
1.494753947576129
1.0963282608216502
1.8207060594799884
0.8135414927156432
0.5674844270504877
1.2096683858651431
0.6743026799514382
0.9025860773085128
0.7599938753903359
0.9329030842368411
1.1592296192379763
0.5835156008658942
0.5788972836271569
0.5022614766577362
0.5883681137871122
0.9622445912298758
1.0213520140301853
0.9930390593204947
0.5381177714123169
0.5553251959746035
0.9810492302170815
0.5879571623076458
1.0355698162424005
0.7190963020434538
0.9940916742240233
0.6890630137583003
0.5004952670002467
0.9713394221427052
0.7494858486934959
1.7205698232266968
0.5320013685933418
0.8659484867505398
0.7841185085440543
1.0846495819385495
1.1274422301382856
0.7541082456744448
0.5417627567221075
1.176490511530801
1.3031136928198634
0.6390513347471369
0.6529247211414031
0.7885833157955062
0.8617203595766227
1.1314248047527826
0.6171301481621754
0.552964122018011
0.9845652923654598
0.5813887112537941
0.7767609109203022
0.821343552118833
0.7412870638714821
0.6205491531603684
0.6237497518607142
0.6161327648901533
0.5125064031951752
0.7307651251330185
0.8162602110680268