1.0545653577982457
1.3928737009320766
0.7563274233072068
0.9144831006246044
0.6673014725684361
0.8254827988646021
1.8488164087429837
1.2515936689091731
0.5300564559296035
1.314914126271809
0.5549741007012727
0.6851715359474326
1.3399216919829797
0.6055933928280979
0.5028568389428756
1.256143010337297
1.3023388943330332
0.7270247217804666
0.6041979035069431
1.4906955786503033
0.6286812147327936
0.7027463853135316
0.896850107637178
0.7758448950169736
1.0029585049481966
0.8821334085094747
0.9004510687888398
0.8261092118962949
1.67034994765541
0.5295434736666778
1.702825910229933
0.5639701574157243
2.939138872015093
0.6742189918837767
0.5078936195234007
0.8932087284057673
0.6911115631523046
0.788775635276977
0.5199887438485291
0.8432131883174065
2.9041551641020646
0.643983552910214
1.2913028774420354
0.6012331870150547
0.631846559862197
1.007695604482933
0.9990156989742331
1.4576198942027645
0.8443657774368489
0.8296791024627055
1.9454404134535253
0.8378561608442965
0.6786238563689722
0.5081328955272966
0.5366453617143065
2.024000568789006
0.5910564830702469
0.7554650021280622
0.8047543044648933
1.0986274398954947
0.5473251820501446
1.5225967635308848
0.6565579070460785
0.6126197800375053
0.8785556401725785
0.6668340718402987
2.8574258631560383
1.1459386224877335
1.0588286172819608
1.1177210003099844
0.7895973586227001
1.0947111692367457
0.5619323316729492
0.8531378685546542
0.7255012851558149
0.8602443913186448
1.4574742645792753
0.5347797731519108
0.5110331741817049
0.532647842610686
2.48876167486128
0.8594137439210385
1.0465500430992734
1.238741068044419
0.54951278942724
0.6167759410144527
0.9735799795236062
0.5887808930390293
0.759568380401106
0.9678197576939738
0.7775422636027542
0.7727115921495624
0.9972906580362633
0.502315202202908
1.3989107287646902
0.6418836483434234
1.6172009064925987
1.6987451722779952
0.5726822573568597
1.140641065608861
0.5116813300929834
1.1018188245179772
1.5046083391191587
0.7815163645661869
0.9946864089058636
1.0168801914958294
0.7305640326662797
0.5439098102058324
0.7317483270625189
1.090094140530482
1.1509063575603022
0.7451041828539928
0.646761606311884
0.6206462764781691
0.6287370156879888
2.2074656742761363
0.6081514099989818
0.7987479223564833
0.846013685929961
0.7068289034899635
1.208695656978989
0.73293729651175
0.6330501134558517
1.4581184729519236
0.9691392754560866
0.6838851288206342
0.771084742748144
1.216416818431071
1.428993773223283
0.7355096537580721
0.5794184236164028
0.8034721355321608
1.0169148992209784
0.696915850425512
0.6101290241268771
0.7859703526701196
0.6616307658673577
0.8654241084377645
1.9144548358914335
1.0308069626099723
0.7758462422088996
0.5507641842067414
1.1608461347835828
1.0853925371208106
0.585705984817082
0.527106338008366
0.7558047737940115
2.8529627370181743
0.5595682417804255
1.9695221371515572