0.6157824956402265
0.8566957154004271
0.5439265172714256
0.854356646890368
0.9114925122527477
1.5037523839504718
0.699319156759854
1.1844729891873662
0.995182317989066
0.7510669367001803
0.5238492455618378
0.7776952649317828
0.6521039128084638
0.9200663507960556
0.5828767097661895
0.5155528086319876
1.476180753446421
0.6326003034430485
0.5346838981928883
0.5540919489427765
0.8147141606686574
0.5038066580091893
2.995446865269514
1.12281141439707
0.708686986723599
1.0525188026005452
0.781927537043515
0.5614424165717651
0.5414558078943372
2.1948221650626607
0.6228412705319073
1.8950384780066116
0.8438513222271666
0.7197910959613409
0.5642530138228778
0.6034365390317049
1.8194793913836662
2.1283355559837815
0.6256560418791111
0.5291387654387734
0.8622498854286818
1.003747249583185
0.675637966122764
0.7404410146797034
1.069498919490357
1.1372359752109134
0.5388468289330319
1.3479563640858458
1.2320305962486628
0.575915698153338
0.7007693497428988
0.6054441323335311
0.5362488314363816
0.5052836437703547
1.5948012333429915
1.4187878243661771
1.3080459567194112
0.7493650348057486
1.0994419839852299
0.9823475034366425
0.6801160510757995
1.099246291257856
0.5325275078625111
0.5304791666156348
0.7063271196185212
0.87104537620678
0.7239995428812449
1.6524465349060904
0.6039115379922748
0.957173465895437
0.8788794128891197
0.738752602181961
0.5677193670063616
1.3020321762423066
0.8337515781948355
0.8355529827896646
0.5406764768127914
0.7564803794415695
1.037907811062155
1.1792900651581135
0.6704340928543502
1.730944645506014
0.5565754971822514
0.5272077889635511
0.8064204518239535
2.0367866333657503
1.1288656691702954
0.6186005548860578
1.1826668010778292
0.9689147012034027
1.2575244600457438
1.1640165373157174
0.8047618409231916
0.8796430145276872
0.8306316516350307
0.6375660659420532
1.5199854922838085
0.6483747008253431
0.8439678791070264
1.1763608332193485
0.7448374294006612
1.1435537432095089
0.9813852995779939
1.2608074124573818
0.5468617602018071
0.6946209889137549
0.5483694513048363
1.5246700926975905
0.9125071284695991
2.4173949851331145
0.5980871697384487
0.8207971172070643
0.6468888206391625
0.855107330305998
3.4566890534139247
0.5065639141254223
1.7091610377495954
0.5220211902769165
0.6592878997265075
0.8413545231177295
0.767090602299163
0.8161040807686959
1.1258700362606078
1.2703333358311397
1.0139493930616936
0.6627300480454892
0.8577949351258098
0.792584105604135
1.01991429901733
1.254546194986176
1.5192049069323161
1.28746235922398
1.1612823645004369
0.5690694780499825
1.408608386623314
0.8532128243957118
0.6455506656273542
1.2598706138308557
1.0349360817523916
0.5461498703494954
0.6385496888340754
0.5832717739179429
0.619452203485082
0.5481469631202458
0.7577199607821967
1.1644166383417769
0.9380049260500414
0.5243700832442642
0.6591811122690956
0.7401488282472428
0.9408797737728491
0.9979173164279018
1.24948777063031
1.3297489040896835
0.902804545619972
0.7810743316808271
1.2204176383507388
0.5282854022843253
0.5734871537514437
0.8183224079607498
0.5119034051605809
0.5292389315589503
1.2637255956856848
1.0427870942938284
1.4015910482206664
0.9823731953567858
0.8550486714528347
1.6439765749097432
1.7479531377260855
2.1169189842639184
0.5501662341096107
1.5920509227690331
1.5461249304448756
0.5053281498177284
0.6043271741009448
0.5350794168102766
0.6506382511796005
0.8108939929682037
1.4151367559489927
0.7424610725292382
0.8563020940144952
0.7645287143612336
0.6943813427622558
0.6377894703396123
0.6033404599046435
1.0068281687597391
1.3249239974670672
1.0179076634711919
1.0423876030058636
1.3829547020776545
1.7923006825360517
0.513855189244282
0.821008776566714
0.8841083316815457
0.7756748170986612