1.421778604337255
0.7128687544892287
0.5320029888538054
0.5035891175868912
0.5928991296663568
0.5089269728515688
0.8582193192328589
0.562218391462995
0.5376842431178659
0.6712077966828822
0.6932133569241898
0.6690073219852977
2.0006131019969757
1.181848314183064
0.8039445560261598
0.9317310307562252
1.6196145443498864
1.1452797214658545
1.291782144031714
0.5187884229999682
0.9515777144193791
1.0847483225680747
1.0320066168110031
1.0220852950319994
2.8426206951947535
1.166876413214851
0.8085004754357215
0.7518352819171241
0.6736192894910573
2.203611923143228
1.3266963228790445
0.7584251807146813
0.6359920096296037
0.7213008510971548
0.6646789164885405
0.5442179765894366
0.6088166599899267
0.9798410192193785
0.9369586046845768
0.9681953566010435
0.6803657963629774
0.7376005449649625
1.1405223892632534
0.7254764708122252
0.8601427207819086
0.6547365729233832
1.2255057089967067
1.7361863805580242
0.6195583473074464
2.2289654180004845
0.9172536393679422
1.002929515135122
1.380999193400072
0.9733388150655742
1.4323927863551944
0.5052320145066176
0.5998247636963754
0.6083689838687292
0.6312855489622677
0.6945184403631401
0.8530234115692963
0.6966312086834705
0.8784358242585881
0.5038244806449939
0.9395655300615999
0.9150327716842526
1.0247127199306476
0.5095719722559124
1.2782339309903819
0.7101820201168607
0.5535953117982046
0.8457070428256372
0.9363366785892424
1.1768927230637871
1.2688759793518045
0.5281101984670329
0.5043030411392806
1.4563474131336136
0.6379175902896179
0.8288970517492373
0.7325486032671051
0.6527909775701914
1.8092975279527082
1.3289126311650534
0.769964373257551
0.5000184300311048
0.64830970124234
1.5665434793170903
1.3266018114812255
2.2550191882560284
1.302817987870128
1.0165871871557783
1.1258367329285193
0.7244129753196376
0.8600513508877725
0.7002383691814771
0.5978423297833615
0.9196082453531744
0.6933433555935267
0.8444140891581355
2.1386888497276573
1.2232578892590027
0.5418651552448637
1.0617442154956507
0.7337694544743272
0.5425236260722386
0.6293321982136604
0.7135868300940729
2.1005326982389647
1.426293867661684
0.8121349529127997
0.8024086207357186
0.5218195932699814
2.170879017222262
0.6898311097750707
1.1361050790576996
1.091209108065641
1.2405858527933447
0.5359593705543375
1.1394870162926054
0.6386408613062713
0.9969680961702352
0.59352382059609
3.3122882573989045
1.0033820168615648
0.7531598696415358
1.3532290408653012
0.5723488912894936
0.5916360002585748
1.143956527376929
0.8331501794964993
2.2432426062434274
0.6494516906059857
1.4122543016007967
0.7703475851942585
1.1841576517577437
0.7226922412334602
0.9010029675630449
1.1738911878409795
2.2812075322925125
1.0221775394740575
0.6351721517843316
0.5373465937908577
0.5093492657867955
0.6952217496332196
2.5697430602805866
0.9154740070893013
1.1589497682003298
0.5669348007112376
0.8892486132421027
1.2980556406503183
0.718104603317613
0.6418750751964808
0.8078562568265397
1.0768397836186523
1.2087196623506884
1.2109932335725944
0.8285271636153198
0.588289601799147
0.6792552098737588
1.2851118481906383
0.8951491360577393
0.7210001092274751
0.8557599868033776
0.8402434193026238
0.5031772682918927
2.139057305764368
0.6262079697464742
0.6689569612195783
0.7569278308881167
0.6891501958150457
1.505785535765881
0.5368775868200828
0.9319262679795202
0.7065244912503204
0.5480972094609342
0.7161684805604409
0.6497197924854845
0.6622328608383441
1.3251940902496244
0.706188477711521
2.1375663521303068
0.6297410922512654
1.1346009321745214
0.9074667830985845
0.7256676334803842
0.6022888192779874
1.713398999177798
0.8519771544665673
0.6302696151077498
0.8360720940650026
0.8245337605451368