1.0070847547695745
1.0350556607012051
0.5053456596014625
0.6289322286168968
1.560459951185429
0.5481394204171561
0.5446747665260698
0.567794019290286
0.8598741833473085
0.6412657115435003
0.5132052783560965
1.6876955073914033
0.5168656656974946
0.6694337788059386
0.5717446719835735
1.0481553539400679
0.6369519804072326
0.723219394142923
0.5418688446044371
1.1365030330479584
0.9642996694195958
0.5914471150413192
0.7661617917858905
1.1922557062283303
1.1738888093931692
1.1859167249795775
1.6183057592068764
0.5534919726853076
0.5468643568072338
1.3508055698631836
0.6123999159896698
0.7887326557222281
1.0281839385782803
0.5233231269239411
0.6329075474978794
1.312035371443855
0.9650882809138608
0.7720968722813097
1.2768526642259133
1.7138869620129213
0.6078499581081616
0.8000387947938208
1.0554371246777805
0.7750232441141094
0.9564478623156418
0.5767991298280606
1.0190216056811607
0.5174098085113883
0.846077532767282
0.8893729735862337
0.5382349772629595
0.5815621727492726
1.5570605100199089
0.632540660229779
0.802810143345198
0.7294054037358251
1.6481682410233702
0.6476638269795956
0.5993019766731891
0.8741541427628761
0.5988995248223432
0.7067405958018753
0.7075208773605937
0.528921203980218
0.5445728860273391
0.8901893558817164
0.6820100302754497
1.4521825453735175
2.446375714975005
3.4155058775592124
0.8453515259895141
0.5454472731800877
1.3621414478420775
1.6895881598725282
0.6961711657586989
0.6414830815072037
0.5724728107379917
0.5044567620047076
0.6296540415238212
0.8145279981790736
1.0012926700836147
0.5239547650315899
0.922656370026175
1.9418843843218667
1.1329188472897727
0.5304785234249323
0.6796512196366109
0.5383784017454616
0.5575929493830358
0.5089256662604669
1.4124994295056865
0.9801787723502287
1.0535747515124
1.045069096244248
0.8653802857053847
0.5238280617261921
0.572341174694543
1.1639361257251721
0.9703698187586838
0.5669761591493057
0.8585275574308753
0.5204928286344739
0.7072468329985213
1.4097061034807439
1.143498085950739
1.837044550590008
0.6540212660523821
0.667145380697832
1.4307258066268105
1.9677929326307435
0.6747946210987266
1.047009624134489
0.9047341358655672
0.6113403223050682
0.9846154406774872
0.6398739353986116
0.6283264699887354
1.6530518456555683
0.9245422945164705
0.5441073085154358
0.6417724983663788
0.6130484058864454
0.7533022892407644
1.0070051048809319
0.6727087413103732
0.92091249364654
0.8218186246037362
0.93647069554072
0.5726267329172856
1.1055299725754821
0.7546982953381303
0.5478090224385141
0.5999380246828991
0.7968427534169678
0.564470572614141