1.4295295452986396
0.5338544809890404
0.6134321756908481
1.050061996222297
1.38248591048632
0.7883371404621151
0.5992708749379894
1.060629433467689
0.8739917327585331
0.6967120888383391
0.5845393188348496
0.6633131966565742
1.5405046663973678
0.5233784508083872
0.7203357360088631
0.7390969432477661
0.7581971493760591
1.9471116032643607
1.1165176967170183
0.7894775983162958
1.039229498924442
2.0329891688383412
1.0164592674995419
0.5490670440407825
0.7181827194581132
0.5423938897109082
1.202487895520349
0.8822950631183346
0.7167363164248712
1.4256680997713715
0.7985893777729132
0.7024029854434843
0.5454445380959214
0.6670964883430059
0.6502143409161363
0.6040352776162337
1.413625557389338
1.2012558667286868
1.2046343664119945
0.85110389442859
0.7180567019622544
1.0190802729871962
2.505312067508086
0.6620140881669698
0.6544666472789515
0.6784894634704415
1.5558785959219676
0.5045741191203774
1.008130214537232
1.076731054776758
0.7620774758016182
0.5940508567630047
0.8725820404059448
1.2464637695577494
0.5080624878904132
0.7705441730618361
0.9847924934022672
0.6263815883087887
1.0063500539643542
0.5569549957026254
0.7453509829455243
1.2142417161882406
1.5741107646802277
0.7631221429925859
2.009657634462627
0.7835729838918155
0.6959163766686345
0.5287662023083328
0.8422272907992578
0.5818304245007369
0.5312326850594502
0.6101404975485423
0.9023313408210925
0.5649037192522428
1.9120391064600994
0.6274993068346078
1.4196732768256766
0.6127262397255606
0.9622280138878807
1.2523050776779598
0.6662438993110413
1.3723597394832154
0.8540397675058671
1.543450847019983
0.6601453837357099
0.9858058475461462
1.091762187552149
0.5300716967492463
1.1797089271467485
0.5904684238102504
0.5707376717370494
2.0153793948589396
0.5771090920951565
0.6848426658542053
1.4165400406291155
1.9479467834700586
0.6314202497491692
1.6119753432201946
0.8895678052149947
0.6280773581459016
0.5418650844452486
1.3755643273763667
1.4433619939470645
0.6078497021571252
1.35332448130265
1.1068229905904445
0.8647709223340598
0.7261495518210381
0.8723763670485027
0.8797078758065027
0.8800311623311359
0.8354832932133149
1.353830919752511
0.9576888829853374
1.4485451286880675
2.559184732225731
0.8975289488719227
0.6242514843972913
0.6542821604301707
1.0802145357382074
0.6863029784780679
0.6975784973769805
0.867430911247709
0.8836303213218457
1.4977261910448192
0.8047479924955496
0.8058995427525701
0.8834604662433776
1.1432314832709949
0.6324436653578118
0.6158921535419495
0.611742358086758
1.3506012613361236
1.3020254190552123
0.7642817315876869
1.0011717330952479
1.9857329090818325
0.5608656052513084
0.5112304835932946
1.4415912936977406
0.7221171163551503
1.9644984194181916
0.6551417582934391
0.7089298215573194
0.5458246874497377
0.8220701339561742
1.2529447893699626
0.7143688849852765
0.7537724272460764
1.3068705927192354
0.9287937100547197
1.623756475662674
0.6578827488406773
0.5313586228164127
0.6368795644705756
0.7160495944366971
1.0080240484679166
2.0452577605149145
0.5289009646763247
0.7466720717985709
1.2291365812700406
0.5504487161740599
0.7881490854591107
0.5156829975476285
0.5497072108408929
0.5585376955517631
0.5106463864492525
1.7698377264397323
0.6323654709190123
0.9777847402541511
0.8625720962132846
1.1794528523354302
1.450408172877701
0.7885651962598104
0.5081159445222738
0.7259592492717957
0.9068127845871459
0.8870081335957138
0.5885720976476705
2.122665156473431
0.7899025920148688
1.4525563811698703
0.8071507766317154
1.2633889916058934
3.12424694942365
0.5068091909629402
0.7812560317897805
0.9980203917332346
0.5281200236181576
1.169005345391156
0.590988997933664
0.9227800562681523