0.6715598294191892
1.0915624040368925
0.6669955927443709
0.5489698436579982
2.2809135189580054
0.787969297599977
1.3315861653186492
0.8147747948726227
0.885111762176205
2.1604969099174944
1.228476972496427
0.7697726935394975
0.6893690895448401
0.7118723209724891
0.5172132779436822
1.466714010742777
1.1829232458288033
0.557341868335449
0.6427422468436319
1.0162624851489
0.7979920471227473
0.5734492476724569
0.9521212533519758
1.565933149177873
0.7842960950349323
0.5638749075520622
1.2687085017890354
0.7812005191372862
0.61601649036119
0.6668394885285238
0.5106537393464947
1.7917875267671803
0.5819583021047805
0.7767926079707479
1.7855967228474867
1.1053900014610036
0.7423324087503147
0.6615030779752402
0.7221149909527043
1.960404104897222
0.7757891313831919
0.9634642379675427
0.6083030589248182
0.5252992904772782
0.5374491962499803
0.6988643819313012
0.5386040559286869
0.9402643168864273
0.9538015707273644
0.5844699181710382
0.9400565103989607
0.9783902479429685
0.6999822424461968
0.8291188149145796
1.752123135278282
0.7841600398852506
0.769019204402241
2.4216899444286355
0.7201817308823877
1.0706752031804854
0.5014175477164997
0.7388853887380549
0.7597746625826005
1.1786518142549767
0.7166871104408017
0.5052491886722237
0.7568750565633025
1.2005156205509877
0.6657982922106385
0.6054924972086724
0.7120598199554422
0.7506441180795491
1.3450839275744784
4.106799165884979
1.1460573157756926
0.5468623238845964
1.1881821713202783
0.5952957975993058
0.6967382118998842
0.7526179425375688
1.0813609189790725
1.928844869905106
0.5176433934565239
0.6398679086200048
0.941008608845749
0.6174989359264487
1.5066195115601317
0.5234621015885921
1.1919181340382465
0.7900650267210381
0.5553114494139493
0.70026578371656
0.6525170092930352
0.6428730276813326
0.7289439417785104
0.6262452891307646
1.0710965658578857
0.7680631569139678
0.5008762187898981
0.5068280450755083
1.1693631814566174
1.0220639985489015
0.5417216117523367
3.1062452030614622
0.9130984549798313
0.5178492803547101
0.6039101365907413
1.8999032553047073
1.6057665232594331
0.7468668223312989
1.0122823876083658
1.031937381313469
0.9273230968252619
0.6976420899675304
0.9146219057880103
0.7423298113369583
1.4058206089260352
1.0588226873418307
0.8139662995784533
0.8258347531478307
0.7643294676561823
1.1198496245917227
0.665650621036491
0.5992330991217045
0.9943113825954697
0.9280929791526091
0.7145897653581414
1.3055535617819487
0.7716056830532239
2.105015940722012
2.0985213664295657
1.2824740510408787
0.583372578993135
0.7745428972328909
0.608785833856814
0.7071754890571356
0.766175408557217
2.181546876936693
2.7510699362708806
0.5429957079649057
0.5701591681897753
0.812814401729554
0.5093812885934312
0.5484791034530758
0.8578758854363855
0.5052749016512053
0.9042759637546851
0.6556256135966123
0.5878963791461729
3.9069633388382385
1.050765502648403
0.5039613335751483
0.9343790881751488
1.311178119723877
0.677027008020616
1.0694363208219784
1.2146806777055872
2.1504619224247676
0.5224443232205545
0.6082222999422697
0.6408360431452138
1.1583789675341905
1.4746019296393342
0.6046967797627758
0.6439286506458188
0.6255918452418996
0.8786132703631893
0.9366192708399126
0.7262919489700721
2.777917091083509
0.6492287139414543
0.6626134700131274
0.8314235988189012
0.6511321845642897
1.8717671862111729
0.8990750438844657
1.4586421197191726
0.5526455925617029
0.5768891432658165
0.712957867999819
0.9776141231290012
0.5964436765005985
0.7588720358302226
0.5024817349790851
1.1311679708757651
0.9919231884467763
0.6090905155360815
0.6969150242296678
1.2353646600920456