1.0990576195915964
0.6646381886387047
1.6096748471263123
3.427688261019229
1.1622398644686172
0.6471866151289625
0.577675091833143
0.8045319226740268
1.3463150537275865
0.8004013984760832
0.8000099921626145
0.7363035076409084
1.0834692667105728
0.5005734218894915
0.7807023644362232
0.6225619491145267
0.9952479279516453
0.7323793121380149
0.5055026059975134
0.5996019430032931
1.7985819859447574
0.9566973543804167
0.5181904408736031
0.7433961443015065
0.6459911583772282
0.8164928126492299
0.7138555378679428
0.8547224578984469
1.049024262520362
2.7499592044124626
0.7144950146874862
0.6051202005409806
1.1715166008318931
1.5090575798256367
1.0086564594218856
0.5365648565677787
0.6020849070119567
0.551151570303503
0.7107819102005664
0.5122646686008068
0.8753146481714538
2.3685466615827124
1.2600052374461939
1.2859173113822209
0.9770875517755684
1.2729257038103583
1.3474087701323754
0.8623100175177569
1.5907925006771393
0.7421361700386058
0.5927119806033829
1.2288392771357053
0.5235351999941997
0.8326850320471806
0.6596928700353146
0.5708010971225121
0.8326127125738481
0.5352650860310746
0.5192919470628965
1.305268844332744
0.5145785824132929
3.017067149521182
0.6075786038932165
0.765819288396699
2.802675065023635
1.2261301860881986
0.5712210295290845
0.5357816207955466
0.6222486729773493
0.6088664842843059
0.5860141756011785
1.6249924493723995
1.3797904309194564
0.985061022090008
0.7945753739748795
0.568776089787832
0.6240744393578268
0.5331891702414566
0.6764717348441707
1.296333955934557
0.7124889871067808
1.0738493106467786
0.6765508013661758
0.5739214849710663
1.0660034640505387
0.663022346453431
0.5532427613747757
1.7256258005555196
0.5302834896930051
0.7800885407041847
2.0565358143969092
0.6400522671671922
0.8335261177572875
1.6546547354407153
0.8983075707326975
0.9478401771174845
0.5255902586431489
0.8091797160906822
1.8191040689973192
0.6201136559860743
0.8996611032542887
1.1674381882027092
0.5705306163255841
0.9715492495451485
3.1164873527487202
1.0255327107282142
0.5654542042964863
0.6223149182518455
1.4451692901461115
1.3453835219380608
1.40742000216909
0.7385329694005236
0.5792606802298792
0.9502134974393925
0.8053476519045262
0.915847487460212
1.0549539252415912
0.5458068766989186
0.5595808338152892
1.1344103653828483
0.611531643190176
0.7211225289210006
0.7244119563687832
0.9496835333937952
1.227812029301731
1.3921375094133737
0.946773469720199
0.5218638610259063
0.8986392216107788
0.955570229522607
1.5078574606728807
0.539833008057883
0.5027143807284347
1.1524321639507775
1.2657487360378354
0.8382989271982524
0.6131963856078642
0.6271136439696079
0.7612181297096754
1.1872134275406552
0.5789096219945691
1.056578524986719
0.8383502767637196
0.6108999459368647
0.8354837730732925
0.8386745959422228
0.7191875924939382
1.1934421987037354
1.268077492850523
1.7592998740321946
0.8472428848282902
1.0631908101004228
1.531732605147738
0.9287436515414242
0.6270173844569626
0.771073529030275
1.3102744702968607
0.9209150584980534
1.6332228490811076
1.7210084306040017
1.078571273241721
0.8386634513276476
1.4240177312878473
0.8588363717527159
1.2006604829095977
1.88662792136779
0.5936097070793949
0.6880360395088019
0.6213637361643691
0.916515156837022
0.7152658206389901
1.6720431724323248
1.6609396235741087
1.0531287876900137
0.6718133637319283
0.5164055962529233
1.5645691064564176
1.0127813562173174
0.8270608131794006
0.9479507617110698
1.0882085289862857
0.7745401117567212
1.4421573172087392
0.658183654538675
1.4772597592284455
0.5936915405922036
1.1622503080860724
0.527024076836824
0.5010010547135835
0.7094076464707086
0.7287211257257695
1.146197457219273
0.9145034305107629
0.7917265930677786
0.8099013321700568