0.7106708308305463
0.5281878960221529
1.0311843716708786
1.9468417920960004
0.5805590836512877
0.5362041442397558
1.4011536691871669
0.6764081455583479
0.7259084972209706
0.6129373284996689
1.456830066783624
0.7572992013055568
0.5841416636730017
1.238870055954905
2.1781833082470357
1.0645144747480657
1.0159150458773567
0.8144523500922602
0.5374084412084272
0.5661120790164773
1.6233178655906642
0.5002731842804238
0.5210995854361187
1.0992555895840113
1.1178655082859024
1.1395927999729736
1.6743836255613047
0.5087773097602764
0.6902756426960082
0.8684876422201881
0.6793611104929198
0.5223314347584136
0.5071637001317555
1.61607624504839
0.9071304638751911
3.03055192574584
0.6403327728254027
0.7002760530610175
0.5518887026978234
2.346035121692225
0.5516115909613575
0.5489547110820752
0.6537864792412336
0.584893391381641
1.444548035075755
1.6730336386860643
0.9187113105961942
1.0984741585586306
0.6453517058179585
0.7718739367512342
4.486660264037454
0.5241759439374789
0.5194586989625805
1.0029846704014176
0.6950337354709575
0.9924391602297362
1.0050472181290786
0.5543254035048903
0.976179241088829
2.5261614917729673
1.0129961994515781
1.1633711298726155
0.9945532040221963
0.9224275874495902
0.5822061041534425
1.6620859015530698
0.843074723239198
1.0534375057134469
0.5483086729749402
0.507177066779434
1.1057068885600358
1.581606713628105
0.6891740782675981
0.580907277443174
0.630855410025049
0.6775464565702407
1.0713386563056702
1.3628143471055694
1.547075639632851
0.7727430730247704
0.565165392015814
0.9202213029487893
1.1993458661289935
0.5264249168877768
0.5630293433877682
0.6347458065803266
1.1860481928047477
0.624884408159204
0.9032884902820797
0.917163950811215
0.7372221683887972
0.9283781970497103
1.3592969127990955
1.106739329110269
1.1436166013367597
0.5265554444935674
1.7493360310307366
1.0126001749579814
1.397223502828183
0.6763753267026118
0.6287340740140053
3.0052966861447317
0.8612713294369883
0.5175505170301449
1.1188530934424534
0.8009454525319484
0.6529477561691124
0.9646335658530916
0.5249438771252244
0.8434591209604605
0.8034694685683803
1.4464112831303169
1.1103749648606254
0.555253347437997
1.8394654590785535
1.789691732870665
0.5748528020583876
1.1217047254826866
0.8464647096990916
0.7979439634780761
0.5705354831209206
1.3220700618109618
1.3440601353389638
0.7479758229441131
0.7939749770811204
0.5213175466190023
0.5307713213010743
0.5975142262605004
1.6479946960400866
1.100257726514542
0.9569325670045714
0.5257271644330217
0.6497957123038987
1.4622927460034703
0.5685951327239991
1.167208320296993
0.5026469079181197
0.7054272505077392
1.3470736169095403
0.600942664001991
0.5999500531625017
0.8282704850130926
0.6960472813082674
0.8194231374590117
0.8638997553422314
1.6085764551895636
0.9184267885636359
1.0542077851790737
1.4046517963398628
0.6658429556379701
0.7320557679364583
0.6979536844601171
0.9738199513647032
1.077348232640361
1.1128995703626856
0.7452745936299152
0.5099194119054573
0.6449630787388401
1.1096487040662737
1.4122398547432908
1.3215337352147571
2.1235900387431457
0.5376034633939071
1.3674189084226214
0.5293141534006622
0.7770649543065815
1.0656570007866435
2.002212304849934
1.0879272971242813
0.7011617538664723
0.705985279746983
0.6032436718483041
0.7958971240383335
0.54612058970514
0.727174041487558
0.6561699004317916
0.7279461009206898
1.6609992288372268
0.8684316691476965
0.5977714284808826
1.5093444157263889
0.6620050755147986
0.8485832034306213
1.686998640229831
0.5149411840438916
1.9059391197133664
0.5641337416622036
1.254054592457578
0.6853736232095571
0.7108066572704956
0.8023931911171758
0.947952766002345
1.293101292547135
0.5597929711844927
0.8036083990104999