1.0634733039777469
2.2162439408849286
0.5549180115168548
0.6290571458057066
0.8701959302523257
1.2222077998637157
0.9462598709332664
0.6541098872566558
0.9122429935475544
0.7461879249723609
1.074811510635456
0.5569415738120504
0.6607239504649698
1.013266911514581
0.8593058897890558
0.8368227967251798
0.7835378524591121
0.5927759999870048
0.8872173680583515
0.5452886949858993
0.5221338527682491
1.3285573663702621
0.5556079171558466
0.5591867593487763
0.6665743332364258
0.5354197137572427
0.9166924849873794
0.626981916984505
0.5308625158435092
0.9929299362141961
1.049924674907345
0.642769200897888
0.6136716745543254
2.7688793743512434
0.7691122879040222
0.8014036041003294
0.7195412430571366
0.5054733895740213
0.5081679670010999
0.6602619402213321
0.5238695494914936
0.9594345826756552
1.0567083047776435
1.22873659293937
0.9528471981562205
0.8558054552327832
2.136750080210561
0.6740864652211656
0.9412522916506418
0.9882492720843743
0.6430685113446373
1.5026457552825434
1.8471953225098332
1.0549847916551869
0.532087341660457
0.5566115664083782
2.001815085694574
3.0790359983766677
2.954958170553482
0.8491210932895115
0.6965300348578864
1.5038790519664644
0.5033294156024226
0.5624599080867085
0.6385832681354202
1.364826263878797
0.5274363453158628
0.8151788899790802
0.7372001947312015
0.6445774845246888
0.5735402778968535
0.5312214303707492
1.0112605083955941
0.8463977722145728
1.8038498445383482
0.764839814120279
0.5082878282295553
0.9687361498945393
0.8859218029372187
1.1638797495601239
1.005341124090819
1.8923404858932713
0.5184922116913242
0.6721037364045515
2.636035342087041
0.7307216401387677
0.8096050931614514
0.5287513291376911
0.8035293184859995
0.5951272114886876
0.5367840404468893
0.7967598275662056
1.0888944410489785
0.8376316450532499
1.0715021950829282
0.6602940291681989
2.240967361287801
1.1214244771651352
0.6706091588285972
1.017156757171449
0.5533674360898999
1.3450590723750224
0.7357371372735884
0.684927584355421
0.5228503273684169
0.5738850156975559
0.6779364684692837
0.6320005474534582
0.5955203267685647
0.5144945974774373
1.055501471189757
0.6915566540880604
0.7504253684662103
1.3205673784821101
0.7275964173368834
1.0816088555476426
0.5025458265819793
1.6605884647338485
1.744854774983196
0.9220980466238871
1.0366956654398223
1.1339955717699581
1.2220234276601332
0.805441061651436
0.7228012890437867
0.99796245502381
1.5223868921522126
1.743854607397111
0.510546128517376
0.540964467645324
0.8679652435671983
0.5455052340395241
0.6988220096195619
0.936294027520205
0.9366047900295484