1.3336944414086702
1.1438209354894768
0.7063936015953907
0.6344386839400293
0.6213237548300565
1.1190064472903014
1.9277019996751044
0.643682074046481
0.6720192274995185
1.0509377208516462
1.1423637943493823
0.530875197769344
1.1638410725981139
1.558877367383829
0.8549604613094459
0.6042876580570677
0.5796541080947577
1.2325113155459277
0.5681539644889639
0.5401922634083007
0.6138244592473399
0.5224491177660511
1.2300442222238601
0.8483124042432664
1.2032063954257382
0.8269963655816923
0.6219666676221465
0.5308138728945551
3.238435490719823
0.9851778923481049
2.1355787818853145
0.8064934913669219
0.6577377458155809
1.1715915037398759
0.5564073155733666
0.5062284054594528
0.725101634258067
0.7521047277247135
2.131683603904918
1.1955501746794823
1.9929958947586073
0.942943094230472
0.7211648671080866
0.526763610930999
0.5139494041814032
0.5638980142832963
1.8289913151752728
0.7497021117752354
1.1110040302905588
0.5284100375708647
0.5034691818755448
0.6489170606576238
0.9449529072263658
2.304250809325623
1.2811478119137405
1.2174664253960827
0.8220897423582301
0.7982790887874955
0.5799539623440353
0.6316737090855895
0.7719870598714067
0.6548545965856363
0.8907490690263842
0.5158195015674778
1.0251010209838967
0.531736674796889
2.40519123110073
0.6328026931008424
0.6414130993120182
0.5056141141629951
0.6367142280238909
1.5401118169706933
0.539702993521928
0.5735383877137394
0.6229194751470573
1.2893256728036988
0.6766202366712832
0.9266737933243974
1.11356819365011
0.6467302253930711
1.4112517406472591
1.2048505967493952
1.3261990485790704
1.5419953126092878
0.5086484834885425
0.5406247034202636
0.5887016632339339
0.7153522101540659
0.6169242950113016
0.5217490592868614
0.5449384703297824
1.1757598725689604
0.7175590674762304
1.0980889652642531
0.5105860853578292
0.7228341988197826
0.5900036039855081
1.0979694603415737
2.6207974039125475
1.4144823427657798
0.6226603943348437
0.7285641126265432
0.7190302358773124
1.0789767201270024
0.8095463297866559
1.075613087867623
1.385159725188032
1.1527922106545816
0.6178301372123087
0.6750672911033462
1.9641431842773613
2.1219862170101464
0.5295195623685345
0.8036058418059042
0.9850814014851608
0.6402212138576147
0.665233132515425
0.5424780585408371
1.0247458859759604
0.5960926201701682
1.1080251524905407
0.6435451945117734
1.2339500810990103
0.7558041677536949
0.7126390508893223
0.7047148051156569
0.5921170745273798
0.8403457473865501
0.5185311776174331
0.7783885898823542
0.6190734984283495
1.0745939109938263
0.6891524932265725
0.7081528114534308
0.6490310117605418