0.6622321550371064
0.5450776335140306
0.6017227890174679
0.5594876575057253
0.5506946605054637
0.626321367342543
0.5485738641851032
1.7457861900222387
3.217522369789627
0.6414125662633943
0.5062869464993192
0.6968672694374867
1.8093381573255414
3.463280179429411
0.5977215996582927
1.1447853209488272
0.5006824176680169
0.5785548296583158
0.7223987318230485
0.7631565620287262
0.8979804323723712
0.6785978636020786
1.158554601085008
1.5983200020461368
0.9348287301330345
0.5352772250461015
2.6618527602066706
0.6287800049722705
1.8574212466038347
0.79971671710679
3.060219435010538
0.6301064230728599
0.505863803086342
0.6768595339089956
1.24015430924932
0.8874209283220438
0.531646475068996
0.9924488788431205
0.6890500107331121
0.5407815205299613
0.5276557400145805
1.5615947664276035
1.7469729974515076
0.5576987503567779
0.5514636647991722
0.6376593703449203
0.6332297436050283
0.6162670498916327
1.0127063512321115
0.5636032183409725
1.0797760452788339
0.5143057776544993
0.5714816377171701
1.4142864532619797
0.6528921807569361
1.644793561153051
0.8513471707899782
0.6122162530140827
1.5096468968148997
0.6485903774321287
0.7050039106428301
1.1348692502409108
1.5873666381120302
0.5527091816805125
1.1839681962027555
0.7863158121581364
0.6003787156417388
1.4693781389300398
1.3051705569619116
1.708135942130724
0.6808270707771271
0.934567285133511
0.8698797394101234
0.7321792076205611
0.7235670295186765
0.6091310031236503
0.7953644267604432
0.7779097866968812
1.0056089644383235
1.2323002690577596
1.474125956878538
0.9530372458478098
0.9069325389033907
0.5524102431278379
0.6929401538830859
0.5492497299574381
2.9329846124906283
1.5791373192237472
0.7192974786166246
0.5888854854289605
0.6604571437547975
0.7123504979297195
0.752358710825149
0.6854062317594298
0.5489593167907856
0.5217377574556963
1.2899702220684617
0.6196271451098028
0.5902864253991993
0.7677627502580435
0.8626194895729782
0.7471182888560293
0.6488091029129919
0.6475367283920264
0.5771946265001588
0.6053583914566616
0.8259638502116786
0.6032172964536358
1.4520899379440948
0.6369693547226234
0.7891946608114608
0.6845147323381866
0.5327604068151004
0.5002399196750389
0.6199867452085073
0.7636719109922865
1.0260929767052858
0.7225361345952592
0.8729147620301205
0.812426895210308
0.6424846453991222
0.9687875765862941
0.8406152192296759
1.2911998743058462
0.5361196298764526
0.7930693594719855
1.6079827192347693
0.5331723666927815
0.5046168981658639
1.2286191278430465
1.0423350175529436
0.6610410115309264
0.5978566147518904
0.5415039161616164
0.7299561075111001