0.7346465165301601
0.696931101449215
0.8340373732817952
0.6700376613655683
0.6107629160636492
0.941596774847488
0.5748491417474817
0.6172387803369954
0.6222808017195618
0.5173166944765164
0.5234513529803557
0.7488005364293358
2.2587432329014696
2.1132086822514076
0.6553427589733971
1.7001792974928378
1.133626925583421
1.5184772721285782
1.0461948171024318
0.8642027071830327
0.5779161826858328
0.5148488843796812
0.739230653610015
0.7817445140439858
0.5412247228984413
0.6432017203924403
1.2142285549102851
1.3539008500675607
1.4116094998074686
0.8881525664700547
0.9879847163650766
0.6461586661557561
0.9519759637570218
0.5892301397709474
2.3234451470392656
0.63021796024168
1.574923440411112
3.8295136784720682
0.9736500909658758
0.870388650684319
0.6757461847966226
0.955746279123602
1.7109243157714928
0.9471580051516639
0.7969406243208823
0.7401382324955819
0.5234169568650628
0.9413989428501992
0.846610048185994
0.8110482231566039
2.2893748936173637
0.9560632611494668
0.545522856323629
0.9312253669108941
0.5719783038464641
0.645070670938594
0.6579785489053904
0.674108523328357
0.5386595100673048
0.7102091722317709
0.6455954202097303
0.5932156105062631
0.5327407464598366
0.5783720775333734
0.5043862065589906
0.844203548452839
0.5180291838576068
0.6172969921802292
1.1460553002801248
0.5880925635319159
0.7391086751644877
0.6666794422170028
0.5968920196376359
0.9010841308977433
1.1144078252012264
0.8762751144627146
0.9068062353162816
0.9716011724398754
2.6103450866465607
1.2366305935140929
0.8305609616709546
0.7513277961812719
1.3180382992108264
1.6500333080692542
1.6196817455898156
0.5022170733549842
1.7589920392491365
1.0287859011068576
0.744712036605705
0.5933914895258283
0.635869016394679
1.2870864819557255
0.9693121422292847
1.6466693222798767
0.7822406310436634
1.110178956021116
0.5043815662199336
0.7614472804425532
1.8713654094275967
1.2275175044168236
3.3677281097946548
0.7141839801010974
0.8898399078570947
1.0225785821215254
1.1475409734943582
0.944347627125012
0.6515751492813706
0.5374689230954459
0.6255439752456482
0.861925181953552
0.8486432665488906
0.939922604665469
1.16764273964219
1.3693334464668396
1.207553260821328
0.5636303052328913
1.3991987458620088
1.220278103741805
0.5564070804076664
0.6220297681063016
0.6311394722726504
0.5889048961256549
0.5917426656350813
0.8039664231597499
0.5167166385043629
1.7100119471727453
0.8338362068977858
1.0361668080913091
0.849312967094761
0.8742006726752152
0.8049075031498774
0.6232713941042789
0.6034998508807803
0.5726947126494792
0.5473932051948509
0.5651322197409172
0.9938777335098621
0.8942257494373393
1.3944079791099284
0.9438550606927834
0.8053250450009273
1.0732009010581578
0.8438270847985336
0.6104477333354907
0.8128555564258022
1.6703243608641856
0.6883733498561355
1.1407542452341772
0.9594025444657746
0.6062843006268395
1.607703780628583
0.5735356452144629
1.3456648196919332
0.5552826512499109
1.1946481227707864
1.2042610118336938
0.5706480647567105
1.0078445274686487
0.5918379976850474
0.6749220613248781
0.5083456666584993
1.302264725666248
1.152072928732082
0.7717842501077712
0.6577846873287285
0.6794278854757181
1.291082299974562
0.5822414008520695
0.722458344325446
0.9051319440918064
0.974527175227081
0.5824176976552735
1.201095284289977
0.6524999175961739
0.8437233887299271
0.5689051141561663
0.824421204593591
2.02434506743856
0.740993235911958
0.998698565570578