0.7234729577054078
0.5310598968397118
3.4125590966605053
0.5516127228016554
0.7077149830774747
1.747521488465173
0.508685205243598
1.7862398511991557
0.7850605867336995
0.6204559360804538
1.2673126377724415
1.0893188748256328
0.93009469507723
1.4818550742928025
0.9250354121383069
0.6705452743703049
0.9264958336154336
0.7870901732167255
0.8434519726029208
0.594704976988659
2.9767878611397194
0.5168960313182751
0.7787087529661889
0.9175347372979132
1.2313090542662195
0.5574101113773509
1.9954507195553077
0.9544118405147941
0.5054297920540165
0.6101175635543967
1.0812485506193923
2.0066565925061184
0.7560800804281342
1.3281452511862852
0.667866145055271
0.568491894226284
0.5400888094409879
0.6114490714924301
0.7600177687433529
0.5479053927545436
1.6949849857242327
0.9346798860251369
0.6976553523185061
0.8225513351596021
0.5924262784961911
1.337387633691975
2.225005352426095
2.348324609816302
0.553887143935043
0.9685108444832053
1.256304341790127
2.110498659029304
0.9078163814807283
0.6448572933759635
0.6646513747467679
1.27587145797699
0.6699598902347361
0.7513007567537784
0.7811153312391923
1.3255398320759753
0.5544947866759458
0.5409300830635004
0.6731575595239292
0.7502512847949276
1.0956724702483314
2.009439776567575
0.9750763907846647
0.5461830609687013
1.3254779109105925
0.8696041876152094
0.5342350361721628
0.5451124628685875
0.5681148209885976
0.7308402906720346
0.5044409796908838
0.6604606835221887
0.6905396240389052
1.2374314739394094
0.5370980668060668
0.9608665153034224
0.5056977303588042
0.7359621242697187
0.978687327361996
2.3289907974557025
1.8652386915373143
0.7685299796037555
3.4826216884875976
0.7158884938915264
2.767687953107753
0.6334808936865102
0.8277005289621115
0.9033193264035617
0.7047734241854187
0.5926402536986188
0.8409088321532181
0.6496476674415703
1.0816090546798023
0.5935648587774267
0.5962321440699725
1.142467675894693
0.6393723263454945
0.6301362770958576
0.9317677730077776
0.6462666731031845
1.274301515487025
0.6911481585731281
0.6108350925327954
0.7560275966322365
2.5056289315173785
1.6100984672297045
1.0329165634727246
0.5645984853806567
0.8342384426991885
0.6989452804390339
0.6013555052448964
0.5769965375259289
0.5426274099594366
0.7511403813041397
0.5179444896859877
0.8394687509955929
1.828592713972398
1.1138329194084804
0.7883873947452571
0.9983376128402028
1.130578396166925
0.6216297268960034
0.712516150392446
0.7396889461920182
0.7851191680907732
0.6756183289518845
1.1198709874532824
0.677040975358068
0.6894864487570089
0.6903627257487983
0.6926624124290583
2.524429322626986
1.3338681620936654
0.500330098396887
0.55449238315191
0.5000506047387603
0.6893988995589666
1.1762402834892214
0.8227174738757412
1.2608451995691325
1.419290756214025
2.179322618695835
0.9070508081679804
0.5535069326328994
0.6785085942071873
1.429248947506892
1.9278392462895226
0.5920716113484445
1.1182146863453113
0.5145479243027467
0.6915210450084146
0.5788601498597359
0.521099355104468
0.9187526049611279
0.5913821468130323
0.5623165011866149
2.2146495774759956
1.4706176644280617
0.783595899614852
0.5748836384020706
0.822849114448104
0.5019191647417642
0.8303931905761601
0.5960618883232769
1.035585902776461
1.169222938230007
0.6810195891380317
1.0064474200618179
0.7973287341099535
1.3639053011975761
0.5147167782281485
0.5015283973260125
0.8007865797886211
0.7208329524206079
1.1742512203696265
0.7240989785843226
1.480457992753088
0.9331526434687021
0.6328910092061051
0.5067240397156638
1.0006130401218343
1.0281990812361528
0.6699314339414286
0.9514934319940949
0.8277051530945982
0.6459551193923971
2.183190834369384
0.792112841400467
0.6453637190237487
0.8026097786901119
0.863223922944826