0.7595443624669695
0.5084261868526694
0.6461807961520307
1.0362886690525004
2.5149152011628733
1.3930878925126855
1.0121151299333349
0.5066665268953479
0.5154643484014976
0.5340575222342885
1.1805124367526076
1.037512872635034
1.0100956732289497
0.7332350763501339
0.7230198936355663
0.6809879090552116
0.6381714661044597
1.0813191108426494
0.6509975528108569
0.6028306084625328
1.2311732929807846
0.9804155155017611
0.618260580617644
1.2215609413466808
1.5729445432276492
0.5392416160475193
0.8828836470805612
1.1686953281161152
1.4358335726801812
0.944090330738419
2.154159784903186
3.082241064341048
1.4203314011533905
1.204049621344467
0.825978249599288
0.7865693157994542
1.7411781687818149
0.8302685921128727
0.5552100314854727
1.2238234903654615
0.853990851159466
0.6790935743624829
0.7539151586058068
1.0554336798588224
0.5680581651518537
0.6094345923509366
1.2073969947239647
1.0222001946702335
0.6166140732669589
0.6833884597662916
1.0564656477765197
0.5703721070852907
0.7466710843309272
0.5877831110137777
0.8523267139598545
2.662226683091518
0.9915199637864589
1.0583851793161898
0.5348732502558278
0.570385299137655
1.1170107026787548
0.6468675674169049
0.5276018074893045
0.615433961786124
1.2864059265924084
0.6185502563735099
0.5912473719359355
0.5960281860089935
1.4220174229632505
0.5114598224259339
0.6322253269854912
0.8141363818371019
0.6203241247124538
0.8975626149221512
0.7467473963107523
0.6454652916530961
0.6265043008756379
0.7835879311768679
1.9334035199971709
2.051736325367898
0.588933229649939
1.3204674698839085
0.9412363376432324
0.7811784494753624
0.9124522996292228
0.997125952371448
1.5223511622762942
1.6128957918353137
0.7636503907276051
0.8117762449392671
0.9161893969614141
1.0681487410113846
0.5942651521737616
0.5395059257593289
0.597410857835996
0.9687521475633503
0.6752715950874517
0.7115435020069185
0.6554992615293713
0.7371508329213725
1.017680578022805
0.7268850162988088
0.5744456380293173
0.8401340368946535
0.6415867194297107
1.0024991454679935
0.8330096257992068
1.15042132658823
0.591164539936301
0.9988438585691028
0.6588998676733695
0.5323001240636245
1.1653567378444336
0.8003890716837532
0.756221367374053
0.5947725562187998
2.365328469584483
1.0717730802739993
1.2064932810372397
0.6073897572597957
1.50826716765431
1.6539864344941861
1.1730314829005124
0.5790661349856236
1.5589583294957379
0.6945623302418085
0.8392571276420426
0.9749863631813582
1.4426792034948335
2.4622794840114466
0.8398910124491294
0.5800398075409703
1.4032043925743096
0.5164235276119484
0.8062568390050728
1.2930812177937128
0.5710062965880525
0.7511925063409421
0.5194582885345085
0.5495785920549565
0.953596366667341
0.541080089174443
0.9486201440188893
0.5901773709593954
0.9807399450191951
0.6154508377418892
0.7308922233160615
0.8672444940398236
0.527252138748338
1.2286129799856553
4.495979640093424
0.6412937148692777
0.8298030217684413
0.5246859091982401
1.0611927970372221
1.2647630364872384
0.5717430896094129
0.6398274976303924
1.1046324815097819
0.707576039900971
1.1454034223224312
0.7692277453293173
0.5097287777725796
3.217947960227491
0.6117376562147001
1.6439086407892205
0.5199058278039956
1.1631852310641762
0.6507428345597077
1.3161716490200774
0.8401415238628829
0.6028308875409039
0.7288297704250226
0.6440348833244229
1.191595111583979
1.8007997548554044
0.7094389875041998
0.6555532707689053
3.6308225489289043
0.8829146298407409
0.8969363872938061
0.8765076144331374
0.8101988245355187
0.6770256796978629
0.7812198427396879
1.3154071474162947
1.1490764389374135
1.2213996239578364
0.826609495299067
0.8232150702085619
1.1475658070030477
0.5569955931833874
0.7535857131099419
1.6005651777268213
1.165082120162424