0.7366610583007652
0.967423426439423
0.5845701001235408
1.1114421704436221
1.0607130558998765
0.56682032198594
0.6035832431094814
0.8752319435307356
1.2432506102304686
0.8935242963085628
0.9606650929237119
0.6542421406676162
1.009440680481795
0.9209754909814905
0.626887673844152
0.9064178348078755
0.8744708536545076
2.809592008839445
0.7587207481829665
0.5588675032967103
1.1645488373241122
1.1047569828103576
1.1582815948117684
1.4700944537447498
2.2212132597391303
0.6082131752897624
0.8170272044811071
0.5546263340368398
0.5594516968738361
0.589942090512622
0.7340584367298675
0.5096606820318783
0.77050404156752
1.218116806889654
1.435363135654029
1.9575042889684227
1.464587197929248
0.732198999042609
0.5767224984090404
0.777937147826421
1.3926464664918967
0.6514237065874369
0.6281440779654872
1.923745103473081
0.7950501730657891
1.595528471002936
0.5755823258954536
0.7160024072279043
0.6880115316940305
0.600602133486035
1.008859477896607
1.448429429224234
0.598479761797023
0.6986865546324452
1.3755007641209147
1.0522966376420584
0.629956516928786
0.505499693351851
0.5898547755796812
1.0022550490316746
1.427991752350806
1.3725272032462783
0.536051415584069
0.8570078889473791
0.7391552500301373
0.5221054113997354
1.7780147554150005
1.383138946197647
0.680885522699441
0.876037574699609
1.6245001619062123
1.9134307787435034
0.5592407363946279
1.0030472274962676
1.0611657338481848
0.7727270274794762
0.5840710969243332
0.7067578202905906
0.6783676073313245
0.7592492945881588
0.972255402661915
1.4715514715962001
1.6070359790930695
1.310736620550557
0.6215602314794069
0.9464229270025157
0.7423252262013307
0.7007309082280244
0.7966662679517356
0.7397973686583441
0.5710668050867582
1.005777619472866
0.718432041354788
0.5195545900855336
0.5656381601964426
0.5171153240302147
0.5966973767940544
0.5477258775985092
0.7503954561429396
0.6107027891218877
0.6734696090518355
0.8230795963496007
1.0330209658977765
0.9484208080562553
0.8386238192874771
0.7763387527741656
0.5121218018820741
2.7656599733116423
2.525468746841568
0.6650294223031779
0.8313917271234459
1.4420502201198246
0.6648631743723286
0.5494467075649823
2.6255090578746945
0.5304674242218539
0.568924038510545
0.717563732781457
1.2658979487255806
0.8158967706690419
0.6828108336656555
0.6937492343028566
2.253218698220394
0.5925023417221951
0.5537629526651813
0.5237726505092155
0.524016073027326
0.5486519759386397
0.5693669445428782
0.8641570538926544
0.9749690400444706
1.2570444364479272
0.5353961816664992
0.5386864532982258
0.5896304698110839