1.9785301689839212
0.5644117395102848
0.507476035417203
1.2196651304206583
0.6763757302478428
0.5119987547939715
0.7370637673066405
0.5400337717720909
0.55110366597442
1.1122757452954204
0.793025400347787
1.0321603954119745
1.4931955601596627
1.8112804424599354
1.4457453603185328
0.8044599624444686
0.5844217751924532
0.9058953435949562
1.7480652664184646
1.3062275982192304
0.7874899819851251
1.4596674559196714
1.1362123466818446
1.021234898945039
0.8874174674538224
2.0054508349056945
0.5207413559059972
0.8384219986105137
0.7941539794842356
0.7780165998936894
0.5023225064079213
1.773126518622675
1.4960995734973892
0.519679635110208
1.4477596319587605
0.5404696168887995
0.605674111790691
0.8305761817033499
1.9092031104620588
0.9208295813065348
0.6307000910977081
0.5110990628305956
0.8340149981340375
1.0145782400006453
0.5358036988096018
1.619423445619276
2.5649408975187953
1.170401798864603
0.5133229291751604
0.5842241518832623
0.6815648452640346
0.9797953146276654
0.9000163681798199
2.7939163329347707
0.8797857985679798
0.7123900758564048
0.8956789662736924
0.6528718031814833
0.9970895752864237
0.7736918375036623
0.6822015448134664
0.9063277431298218
1.144630794736372
1.4327773700948114
0.6688781232095096
0.6405694236727584
2.2425761343046133
0.9040781089940424
0.867872595705137
1.843792508831683
0.6481827119529839
0.5451971088896244
0.5021108107798682
0.6716006583400258
0.978061642765482
0.8966732489968194
0.6350569790357383
1.3172179979859209
0.5624921544748815
0.5370861143438788
0.7164808404654934
0.9553410566201421
0.7430116739975006
0.5286643709056023
0.7847409035472594
1.5855840742329406
0.8036484479545436
0.62697804207221
1.7822301296261287
0.6726579794797374
0.5429455800002359
0.5774671022379891
0.5502316326264918
1.6202635087681472
0.560692524977469
0.838139294419733
2.502097661156853
2.6969273279430013
0.9058542356546013
1.343043924887013
1.5233906313141574
0.9524166400598801
0.9184599905487971
2.46785030734452
0.920267044583909
0.6113904497081535
0.5561926579650844
2.2950622053795655
1.1550840711581714
0.7913415713522909
0.6788767639358184
0.8118560959309775
1.4326216124445068
1.1030716299992491
0.8364376249637075
0.9424646463059503
1.23815337734095
1.820840170787676
0.7468242784350991
0.8956231571014541
0.7632782042005601
0.6765912966986889
0.6838153771592488
0.6240336597163605
0.5038539627756791
1.0181745360044374
0.8354620905801653
0.5480518678645012
0.6428058129389456
0.7105640793637349
0.5243776741340298
1.4814697730677153
0.5030287512289533
0.715475573916649
0.6825346921601181
0.93831774714522
1.974296158463119
1.0330084860802344
0.5255908566219887
0.6081859140297183
0.7572074072240298
1.8106409149903016
0.5104714298603881
1.16972324761241
0.5356828606664408
0.9026013708897835
0.7856407884661394
0.5459852339430995
0.5500701266383885
0.5480985797800031
0.7039415441935262
0.7385703209935741
0.8527750405892789
0.6175059787352097
0.9439478327166739
1.0263083387151255
0.7365328614135365
0.940724397107715
0.5952096954451918
1.4361471191683108
0.7438596122250942
0.5137264763458802
0.836067984358067
1.0909721231550975
0.5116930502339869
1.9921635833338769
0.5956132925588804
0.5446206952752846
0.6810292420823885
0.6876159524935019
0.676181814562085
0.7115496454302388
0.5670820331610571
1.8226503801669196
1.5080794335714813
0.7044100459592642
0.5573447621120522
0.8408121843258982
1.3641023320777208
0.9568702889121141
0.5353461367267869
2.5681687047425044
0.5197079529907569
1.4293847982169723
0.7052773039446265
1.556891257526047
0.6607353644700993
1.1032697975325618
0.8239123576029783