0.9399703795514158
1.0896371067242399
1.6602903220363077
0.546527795682664
0.812090222374664
0.8461713824422681
0.7171500087686837
0.5249056726105472
1.238109260242279
0.6082548506281995
0.6698791446679131
0.6682462534296185
0.53335932614781
0.913034932287708
0.5273168357969595
0.951986661160376
1.1196913831360504
0.5860955290078422
0.7433474836688276
1.1299614500052684
0.8921499951621925
0.5154282855907084
0.6774875385249999
1.0562736389868377
0.9547440032640964
1.1531672262154729
0.5392217906341017
1.1205567757488097
0.560669249966324
0.9306607782051657
0.5193225854224011
0.8143318693648496
1.0565265458364763
1.6453434846267498
0.8702345786357171
1.1410344348803534
0.6292925390900734
0.757611689957912
0.7980491039164406
2.366240389701275
0.7980293364699662
0.6592999328628792
1.7255459107835946
1.5921472849543647
2.356077511374451
1.0184020779883554
0.8284734544386083
0.665362911394908
0.5636193114941364
0.5257238115511313
0.5171089877828763
0.9034303354664246
1.0404127552536124
0.7712700911761772
0.9027568530634369
0.8938415112625648
0.6933440433973601
0.5303858239545889
0.7418219481251072
0.5900155381140735
0.6621229012691288
0.5112390187727271
1.0564836265830309
0.5490145848251018
0.5603240922294503
0.6755411509830651
1.899409247337502
1.4854195822250063
0.7273983844058591
0.5593946453844865
0.7860150674564466
1.4471206921832902
0.5549516789357938
1.1029681514879144
0.5674143558431695
0.5799601406754675
0.9151835320489283
1.1538575898843817
0.6739048266540522
0.9172448167585685
0.909068311358709
1.3210938173221223
0.9395024873344369
1.5602022492250285
0.5310778384349533
1.642420609643068
1.6678768356137539
1.8589711576914851
0.7212693570809847
0.5131168755765998
0.6174093917473442
0.8218839526572879
1.1192415314224036
1.1760793594210668
1.005853696561303
0.9834291587422399
0.8595349904310865
1.226421157900063
1.600083365392777
0.7311408107186139
0.607053852106219
1.9014757371735413
1.5538958869253179
0.5172095289614731
0.6564912991838128
0.6100487890653881
0.5990248250492414
0.5216240371779577
0.7697732615759492
0.6503251863971968
0.5597571793981615
0.7869288324375248
0.5348456741720042
0.8069672878272627
1.3549865206011305
2.9045391725784953
0.6144628718287777
1.2366935065896314
0.8961724797418924
0.99587571228966
0.9375608161664104
0.8820067880538431
0.621630733950326
0.5134369039955686
0.8555942700896253
0.7141081777093632
0.6541794653273314
0.9927632229021697
1.294975372235342
1.6880074804296328
1.1644253599920944
1.1086576504455934
0.892529816610022
1.2433403874011333
1.2164082345798874
0.524849770471917
0.641174250938036
0.5805521712616155
0.5585701681783348
0.5650513649785012
0.8552391724390986
1.0118214160642083
0.6031907005955759
0.7108519225558894
0.5757680588753828
0.9753913469865552
0.6856451134872827
2.6887054982358904
0.5901910472813938
0.6918893864968254
0.6091447971313642
1.7813922950239203
1.053621610062919
1.1347237939773436
0.7054460086341692
1.0918131988767072
0.663640308583183
0.649070266543049
3.455470743353601
1.0197247934637517
1.0388510972487666
0.7402311803665498
0.7411075436021974
0.5224366098576638
0.5214631548723219
1.1286892879244306
1.0781234161003113
1.1429179485797931
0.7592487423523835
0.5284999096471665
0.5258013468035188
0.6181372446723117
0.5781860607751241
0.8725639475818525
0.563121036724624
0.6903213373143444
1.068899481480571
0.9757285702760328
1.0737528524862228
2.013280930420933
0.7602381662929929
0.9791813533311142
0.5611046245957141
0.559710764319334
1.2066285620937833
0.9215294822807891
0.84853060368971
0.6020301969567754
0.881984879185552
0.5060568819247919
0.7153114859183916
0.7487158488348769