0.5792318324507133
2.2367562271768437
0.6608473815485656
0.7943448770961865
1.0726310423226249
1.75398476871087
0.5705072766026476
0.8176448528790381
2.3509284028006086
0.7492676750755543
0.5765121984069168
1.0904674874804563
0.8374572590663618
0.5926168887040362
1.0917262098308171
2.01165039429695
0.8484801922277398
1.6008891389515583
2.38381043029095
0.5791336851490314
0.8893832487710114
1.6719431568639465
0.995168289647502
1.7793007967891654
1.6939980559424157
0.6063689450677003
0.5077993011435922
1.895157229008845
0.6130121039642944
1.76863761844686
0.6839783318172721
0.5707530359589583
0.6745621035758944
1.6751772262629885
0.9221861733869758
1.2137670087058439
0.8897717336050022
0.8218844555816247
0.6160009282656773
0.9105106614648548
0.5886669976559773
0.6528998632787903
1.1050601172362917
0.5635407593918842
0.5953147887210548
0.5452196532076812
1.6048192932032066
1.2230862849931015
0.8676682809872602
1.2208253481207691
0.945196494532297
0.5655813147420474
0.6981168483291071
1.7489364787523698
0.5038489511713351
0.7862420886610266
0.6309704668136362
1.0862346581822067
1.8563272672544144
0.705659344743367
1.1491910447932696
1.080077475431608
0.6504438292645318
1.668357305701619
0.7583220910393891
0.6105900510786455
0.7451371293427371
0.5062864951356403
0.8307060809193274
0.9759384288130093
0.9641215074202023
1.0857719770633025
0.8574414461916433
0.7033218901985379
0.5846580770301273
1.230790999625981
0.5786242757440903
1.63048768815446
0.5268566312901726
1.4032811079686383
1.62692071582984
0.7469680177605937
0.7254366033981228
1.4017827499259568
0.5284577539987936
0.6205979056392152
1.0942241160538515
2.2204008927559755
0.828437908452571
0.5279254527793285
0.9574080678915493
1.0622456052807934
1.0954071840265556
0.8240369716654641
1.5062158886919974
1.7305002878078142
0.6308963684823539
0.6910708639874201
0.7941647055923795
0.5494667505689677
0.5975914921157255
0.6150639726657232
1.0373776664120555
1.9317517999520533
0.9635802844833279
0.7744056655499776
0.5663208066605989
1.125209053634478
1.5973627834617332
1.8630140495255318
0.9015759538916654
0.5336941188178344
0.5208454972223535
1.2922725026849662
1.3062710008121599
2.1036666240431714
1.1576368521928089
0.8877196078325937
0.7214229966857033
0.5641667160958832
0.770550798753618
0.675716471118335
0.53740989995066
0.645624412760867
0.5369838451143778
0.8799085667930058
2.2781168715380886
0.5138344882959132
0.8290149793165824
0.5242543504184596
1.1812315722328321
1.5340429032006568
0.7497669824536501
0.9425236303245583
0.8213414832783883
0.658724601168899
0.5869926357689224
0.6681022002840677
0.5235995093128736
0.5405093178998186
2.4435518096248074
0.7608703967940755
1.7213127310980099
0.6863383932446823
1.3515378835706429
0.7078289383947549
1.2519246985574455
0.5283650381975917
0.5255801445094335
1.0859562112760273
0.5918082875102755
0.8656364594886554
0.6115130808852882
0.6410315606237873
0.6128863183250814
0.6511430335339128
0.5146606058373209
1.2587489477633653
0.7271848316930232
2.612415465627066
0.5926651811147963
2.939209623202032
1.0316648001567614
0.5259477180312615
0.5990008984055066
0.5147515305210959
1.2378984541164755
0.6523448944174675
0.7940430253474915
0.6729171735633486
0.915309133681717
0.6325607317389199
1.1862443011069104
0.7886308330208749
0.8961018282156488
0.7113496842026166
0.7760440510512581
0.9849217879022376
0.9671039717830467
0.6524552559264407
0.5851682197863397
1.4887158792988089
0.627478719419571
0.7723338577969798
0.8790880904518303
1.192572309747618
0.6073515070234521
0.5600043141242281
0.8263279794182949