0.5610024592396653
1.0755029172537185
0.7895955829192136
0.9745206578430565
0.525832219419275
1.3502814234365879
0.8827116482551496
0.5561778884664292
0.5011096991082695
0.502364400496262
0.8884572419946934
2.3793120311258775
0.512863263085535
1.0514834730188554
0.6701808352380851
0.5119014715571524
0.9560677923490104
1.1944251074276337
0.5280873384183096
0.5965197410123793
1.7335113513996063
0.6420712759818912
0.7615163361543011
0.7111995912534113
0.5227375460597585
0.6259806359306808
2.119235828363216
1.542608675659551
0.6844370068885155
0.6109004287550874
0.7443247481271271
1.356734206345351
0.7883931235479054
0.6628978724124863
1.3321656639313346
0.9122442811270446
2.6336529272564775
0.742744423831553
0.8762906150925147
0.7527428448872513
0.729753167407523
0.9506539975481729
0.5194584917701377
0.6458386441805857
0.8096827825665827
1.1099569537432643
1.4577608293472224
1.0027409420087565
1.3556701394183648
0.6574338405649769
0.6230087735609402
0.5245099958675326
0.9824923692696075
2.078464786068764
0.6056190759572644
0.9710462633879899
0.6179599153989273
0.5780285540219268
0.9551567552017275
0.635176376569035
0.6382246236324818
0.5021516963400927
0.9008410002195149
1.4323201720219174
0.7106040144748533
1.2102193381628865
0.777160773690639
0.7115026312736461
0.9203294750000737
1.0660484428164523
1.6270949183089272
0.8944386110742073
1.3018850750754893
0.7738287046346386
2.4055548641923963
0.7565085846497652
0.8341760017023034
2.1902042048706107
1.5643798208470514
0.5921309145726354
0.7415060234206976
0.6932954654583341
1.3255356824443538
1.1231783468581114
0.9082293631941241
0.717450561199712
0.8456718861799288
0.5362275138011796
1.1602376745843515
0.9052779005019147
0.9296305127894868
0.6255864886411473
0.7059228281764263
0.768938009088231
2.5935640105871016
1.060919925550479
0.805220872882785
0.6297787830335437
0.5460508742075376
1.6226309668984982
0.8866649595520926
0.5320426647898557
0.7103140484871346
0.6531141634354185
0.927295392824476
1.8070244748137725
0.9746802986147145
0.5829722779527629
0.8112295174934729
0.8181464300781158
0.5185035546627432
0.7999217330943225
0.7438145036971378
1.7330061738159088
0.5445721778793313
0.9502854754302348
0.7883855363500629
0.5994950203404983
0.5574871321514365
0.7860899968450781
0.5910897062693721
0.850181393383366
0.9783741904216186
1.5780777129543822
1.50222502129634
0.9501944146529695
0.6202655793564418
0.8377613027960251
1.2630102418440288
0.6529274149540356
0.7465748544013877
0.6714892326818358
0.6618730281361422
0.637157547709819
1.5293561190804326
0.6688876225583726
0.6005734728580592
0.6078384158914787
0.5475602077956978
0.904564905610755
1.2524598183553621
2.0072312553726306
1.2262128461549082
0.7870221209702208
0.9537170168293301
0.648269734591679
1.5417538796450572
0.8050424263174705
1.9508479391336664
1.1485891389240805
0.7520730371400646
1.4749784860828754
0.6785067282893351
1.5179146423166117
0.5865074025635408
0.5963629432827702
1.6912656524717136
1.006575296365952
0.8957527292050145
0.5323133077324087
2.2986281660529926
1.2489060417181008
0.7004656485903524
0.5473848321697119
0.8658025721864533
1.2703834365217972
0.5537217603663294
0.7147231034695096
1.5856514335940801
1.6007987624632847
0.5094707873253128
1.8012607984002784
2.4948684388493803
1.1621145761272942
0.7592821786782338
0.5381239373334097
0.5275954823439406
2.0327587496378214
1.1335630563897325
1.5728716967715854
1.0381806641922253
0.8780380166257373
0.5625911596320066
0.7814631369049039
1.2555525455809402
0.7707493644782062
1.0914031421375512
2.292896545976305
1.4008462911122024
0.6285116435429927
0.681669592527328
0.6859364272249877
0.7628581449622516
0.8482658189035419
0.5625921018834106